# Using the "point-wise" input file format from pg 179 of G4BL user guide
#   x [mm]     y [mm]     z [mm]     Bx [T]     By [T]     Bz [T]     
param current=106.0
grid X0=0.0 Y0=0.0 Z0=0.0 nX=11 nY=11 nZ=11 dX=17.0000 dY=22.0000 dZ=304.8000 tolerance=0.0001
extendX flip=By
extendY
data
    0.0000     0.0000     0.0000     0.0000     0.0000     0.0000
   17.0000     0.0000     0.0000     0.0000     0.3249     0.0000
   34.0000     0.0000     0.0000     0.0000     0.6486     0.0000
   51.0000     0.0000     0.0000     0.0000     0.8679     0.0000
   68.0000     0.0000     0.0000     0.0000     0.6727     0.0000
   85.0000     0.0000     0.0000     0.0000     0.4305     0.0000
  102.0000     0.0000     0.0000     0.0000     0.2557     0.0000
  119.0000     0.0000     0.0000     0.0000     0.1357     0.0000
  136.0000     0.0000     0.0000     0.0000     0.0425     0.0000
  153.0000     0.0000     0.0000     0.0000    -1.9792     0.0000
  170.0000     0.0000     0.0000     0.0000    -0.0080     0.0000
    0.0000    22.0000     0.0000     0.4207     0.0000     0.0000
   17.0000    22.0000     0.0000     0.4205     0.3249     0.0000
   34.0000    22.0000     0.0000     0.3948     0.6674     0.0000
   51.0000    22.0000     0.0000     0.4371     1.1462     0.0000
   68.0000    22.0000     0.0000    -0.4148     0.5334     0.0000
   85.0000    22.0000     0.0000    -0.1743     0.3290     0.0000
  102.0000    22.0000     0.0000    -0.0897     0.2149     0.0000
  119.0000    22.0000     0.0000    -0.0549     0.1221     0.0000
  136.0000    22.0000     0.0000    -0.0460     0.0440     0.0000
  153.0000    22.0000     0.0000    -0.0442    -2.0373     0.0000
  170.0000    22.0000     0.0000    -0.0000     0.2258     0.0000
    0.0000    44.0000     0.0000     0.8162     0.0000     0.0000
   17.0000    44.0000     0.0000     0.9332     0.1226     0.0000
   34.0000    44.0000     0.0000     0.8964     0.6809     0.0000
   51.0000    44.0000     0.0000     0.8874     1.0097     0.0000
   68.0000    44.0000     0.0000     0.9514     1.2527     0.0000
   85.0000    44.0000     0.0000     1.0906     1.3737     0.0000
  102.0000    44.0000     0.0000    -0.1060     0.1404     0.0000
  119.0000    44.0000     0.0000    -0.0652     0.0883     0.0000
  136.0000    44.0000     0.0000    -0.0463     0.0354     0.0000
  153.0000    44.0000     0.0000    -0.0378    -2.1223     0.0000
  170.0000    44.0000     0.0000     0.0000     0.3071     0.0000
    0.0000    66.0000     0.0000     0.7040     0.0000     0.0000
   17.0000    66.0000     0.0000     0.6491    -0.3560     0.0000
   34.0000    66.0000     0.0000     1.3034     0.8173     0.0000
   51.0000    66.0000     0.0000     1.1960     1.0357     0.0000
   68.0000    66.0000     0.0000     1.1667     1.2001     0.0000
   85.0000    66.0000     0.0000     1.1804     1.3088     0.0000
  102.0000    66.0000     0.0000     1.2299     1.3653     0.0000
  119.0000    66.0000     0.0000    -0.0426     0.0561     0.0000
  136.0000    66.0000     0.0000    -0.0237     0.0195     0.0000
  153.0000    66.0000     0.0000     0.0162    -2.2329     0.0000
  170.0000    66.0000     0.0000     0.0000     0.3652     0.0000
    0.0000    88.0000     0.0000     0.0000     0.0000     0.0000
   17.0000    88.0000     0.0000     0.3425    -0.1321     0.0000
   34.0000    88.0000     0.0000     0.2338    -0.1758     0.0000
   51.0000    88.0000     0.0000     1.3923     1.1498     0.0000
   68.0000    88.0000     0.0000     1.3114     1.2486     0.0000
   85.0000    88.0000     0.0000     1.2567     1.3153     0.0000
  102.0000    88.0000     0.0000     1.2312     1.3142     0.0000
  119.0000    88.0000     0.0000     1.3233     1.2800     0.0000
  136.0000    88.0000     0.0000     0.0294    -0.0027     0.0000
  153.0000    88.0000     0.0000     0.6890    -1.0129     0.0000
  170.0000    88.0000     0.0000     0.0000    -0.0044     0.0000
    0.0000   110.0000     0.0000     0.0000     0.0000     0.0000
   17.0000   110.0000     0.0000     0.1832    -0.0536     0.0000
   34.0000   110.0000     0.0000     0.1433    -0.0808     0.0000
   51.0000   110.0000     0.0000     0.1011    -0.0751     0.0000
   68.0000   110.0000     0.0000     1.4778     1.2359     0.0000
   85.0000   110.0000     0.0000     1.3121     1.4594     0.0000
  102.0000   110.0000     0.0000     1.0756     1.4016     0.0000
  119.0000   110.0000     0.0000     0.9631     1.0666     0.0000
  136.0000   110.0000     0.0000     0.8821     0.4942     0.0000
  153.0000   110.0000     0.0000     0.4062     0.0302     0.0000
  170.0000   110.0000     0.0000     0.0000     0.6726     0.0000
    0.0000   132.0000     0.0000     0.0566     0.0073     0.0000
   17.0000   132.0000     0.0000     0.0632    -0.0361     0.0000
   34.0000   132.0000     0.0000     0.0574    -0.0474     0.0000
   51.0000   132.0000     0.0000     0.0426    -0.0409     0.0000
   68.0000   132.0000     0.0000     0.0260    -0.0200     0.0000
   85.0000   132.0000     0.0000     0.0089     0.0162     0.0000
  102.0000   132.0000     0.0000     0.3957     1.9934     0.0000
  119.0000   132.0000     0.0000     0.3161     1.1801     0.0000
  136.0000   132.0000     0.0000     0.2787     0.7386     0.0000
  153.0000   132.0000     0.0000     0.1401     0.4817     0.0000
  170.0000   132.0000     0.0000     0.0000     0.5236     0.0000
    0.0000   154.0000     0.0000    -1.4035     0.0000     0.0000
   17.0000   154.0000     0.0000    -1.4301    -0.0324     0.0000
   34.0000   154.0000     0.0000    -1.4991    -0.0324     0.0000
   51.0000   154.0000     0.0000    -1.6219    -0.0065     0.0000
   68.0000   154.0000     0.0000    -2.0718     0.1918     0.0000
   85.0000   154.0000     0.0000    -1.4801     1.2921     0.0000
  102.0000   154.0000     0.0000    -0.7089     1.2696     0.0000
  119.0000   154.0000     0.0000    -0.2663     0.9695     0.0000
  136.0000   154.0000     0.0000    -0.0832     0.7110     0.0000
  153.0000   154.0000     0.0000    -0.0165     0.5623     0.0000
  170.0000   154.0000     0.0000    -0.0000     0.0021     0.0000
    0.0000   176.0000     0.0000    -1.4211     0.0000     0.0000
   17.0000   176.0000     0.0000    -1.4292     0.0092     0.0000
   34.0000   176.0000     0.0000    -1.4498     0.0420     0.0000
   51.0000   176.0000     0.0000    -1.4726     0.1313     0.0000
   68.0000   176.0000     0.0000    -1.4422     0.3277     0.0000
   85.0000   176.0000     0.0000    -1.2021     0.5606     0.0000
  102.0000   176.0000     0.0000    -0.8297     0.6420     0.0000
  119.0000   176.0000     0.0000    -0.5024     0.5891     0.0000
  136.0000   176.0000     0.0000    -0.2665     0.4983     0.0000
  153.0000   176.0000     0.0000    -0.0987     0.4335     0.0000
  170.0000   176.0000     0.0000    -0.0000     0.0017     0.0000
    0.0000   198.0000     0.0000    -1.4087     0.0000     0.0000
   17.0000   198.0000     0.0000    -1.4054     0.0124     0.0000
   34.0000   198.0000     0.0000    -1.3905     0.0360     0.0000
   51.0000   198.0000     0.0000    -1.3468     0.0817     0.0000
   68.0000   198.0000     0.0000    -1.2445     0.1509     0.0000
   85.0000   198.0000     0.0000    -1.0606     0.2201     0.0000
  102.0000   198.0000     0.0000    -0.8167     0.2555     0.0000
  119.0000   198.0000     0.0000    -0.5630     0.2515     0.0000
  136.0000   198.0000     0.0000    -0.3332     0.2285     0.0000
  153.0000   198.0000     0.0000    -0.1321     0.2087     0.0000
  170.0000   198.0000     0.0000    -0.0000     0.0008     0.0000
    0.0000   220.0000     0.0000    -0.0056    -0.0000     0.0000
   17.0000   220.0000     0.0000    -0.0056     0.0000     0.0000
   34.0000   220.0000     0.0000    -0.0055     0.0000     0.0000
   51.0000   220.0000     0.0000    -0.0053     0.0000     0.0000
   68.0000   220.0000     0.0000    -0.0048     0.0000     0.0000
   85.0000   220.0000     0.0000    -0.0041     0.0000     0.0000
  102.0000   220.0000     0.0000    -0.0032     0.0000     0.0000
  119.0000   220.0000     0.0000    -0.0023     0.0000     0.0000
  136.0000   220.0000     0.0000    -0.0014     0.0000     0.0000
  153.0000   220.0000     0.0000    -0.0006     0.0000     0.0000
  170.0000   220.0000     0.0000    -0.0000     0.0000     0.0000
    0.0000     0.0000   304.8000     0.0000     0.0000     0.0000
   17.0000     0.0000   304.8000     0.0000     0.3249     0.0000
   34.0000     0.0000   304.8000     0.0000     0.6486     0.0000
   51.0000     0.0000   304.8000     0.0000     0.8679     0.0000
   68.0000     0.0000   304.8000     0.0000     0.6727     0.0000
   85.0000     0.0000   304.8000     0.0000     0.4305     0.0000
  102.0000     0.0000   304.8000     0.0000     0.2557     0.0000
  119.0000     0.0000   304.8000     0.0000     0.1357     0.0000
  136.0000     0.0000   304.8000     0.0000     0.0425     0.0000
  153.0000     0.0000   304.8000     0.0000    -1.9792     0.0000
  170.0000     0.0000   304.8000     0.0000    -0.0080     0.0000
    0.0000    22.0000   304.8000     0.4207     0.0000     0.0000
   17.0000    22.0000   304.8000     0.4205     0.3249     0.0000
   34.0000    22.0000   304.8000     0.3948     0.6674     0.0000
   51.0000    22.0000   304.8000     0.4371     1.1462     0.0000
   68.0000    22.0000   304.8000    -0.4148     0.5334     0.0000
   85.0000    22.0000   304.8000    -0.1743     0.3290     0.0000
  102.0000    22.0000   304.8000    -0.0897     0.2149     0.0000
  119.0000    22.0000   304.8000    -0.0549     0.1221     0.0000
  136.0000    22.0000   304.8000    -0.0460     0.0440     0.0000
  153.0000    22.0000   304.8000    -0.0442    -2.0373     0.0000
  170.0000    22.0000   304.8000    -0.0000     0.2258     0.0000
    0.0000    44.0000   304.8000     0.8162     0.0000     0.0000
   17.0000    44.0000   304.8000     0.9332     0.1226     0.0000
   34.0000    44.0000   304.8000     0.8964     0.6809     0.0000
   51.0000    44.0000   304.8000     0.8874     1.0097     0.0000
   68.0000    44.0000   304.8000     0.9514     1.2527     0.0000
   85.0000    44.0000   304.8000     1.0906     1.3737     0.0000
  102.0000    44.0000   304.8000    -0.1060     0.1404     0.0000
  119.0000    44.0000   304.8000    -0.0652     0.0883     0.0000
  136.0000    44.0000   304.8000    -0.0463     0.0354     0.0000
  153.0000    44.0000   304.8000    -0.0378    -2.1223     0.0000
  170.0000    44.0000   304.8000     0.0000     0.3071     0.0000
    0.0000    66.0000   304.8000     0.7040     0.0000     0.0000
   17.0000    66.0000   304.8000     0.6491    -0.3560     0.0000
   34.0000    66.0000   304.8000     1.3034     0.8173     0.0000
   51.0000    66.0000   304.8000     1.1960     1.0357     0.0000
   68.0000    66.0000   304.8000     1.1667     1.2001     0.0000
   85.0000    66.0000   304.8000     1.1804     1.3088     0.0000
  102.0000    66.0000   304.8000     1.2299     1.3653     0.0000
  119.0000    66.0000   304.8000    -0.0426     0.0561     0.0000
  136.0000    66.0000   304.8000    -0.0237     0.0195     0.0000
  153.0000    66.0000   304.8000     0.0162    -2.2329     0.0000
  170.0000    66.0000   304.8000     0.0000     0.3652     0.0000
    0.0000    88.0000   304.8000     0.0000     0.0000     0.0000
   17.0000    88.0000   304.8000     0.3425    -0.1321     0.0000
   34.0000    88.0000   304.8000     0.2338    -0.1758     0.0000
   51.0000    88.0000   304.8000     1.3923     1.1498     0.0000
   68.0000    88.0000   304.8000     1.3114     1.2486     0.0000
   85.0000    88.0000   304.8000     1.2567     1.3153     0.0000
  102.0000    88.0000   304.8000     1.2312     1.3142     0.0000
  119.0000    88.0000   304.8000     1.3233     1.2800     0.0000
  136.0000    88.0000   304.8000     0.0294    -0.0027     0.0000
  153.0000    88.0000   304.8000     0.6890    -1.0129     0.0000
  170.0000    88.0000   304.8000     0.0000    -0.0044     0.0000
    0.0000   110.0000   304.8000     0.0000     0.0000     0.0000
   17.0000   110.0000   304.8000     0.1832    -0.0536     0.0000
   34.0000   110.0000   304.8000     0.1433    -0.0808     0.0000
   51.0000   110.0000   304.8000     0.1011    -0.0751     0.0000
   68.0000   110.0000   304.8000     1.4778     1.2359     0.0000
   85.0000   110.0000   304.8000     1.3121     1.4594     0.0000
  102.0000   110.0000   304.8000     1.0756     1.4016     0.0000
  119.0000   110.0000   304.8000     0.9631     1.0666     0.0000
  136.0000   110.0000   304.8000     0.8821     0.4942     0.0000
  153.0000   110.0000   304.8000     0.4062     0.0302     0.0000
  170.0000   110.0000   304.8000     0.0000     0.6726     0.0000
    0.0000   132.0000   304.8000     0.0566     0.0073     0.0000
   17.0000   132.0000   304.8000     0.0632    -0.0361     0.0000
   34.0000   132.0000   304.8000     0.0574    -0.0474     0.0000
   51.0000   132.0000   304.8000     0.0426    -0.0409     0.0000
   68.0000   132.0000   304.8000     0.0260    -0.0200     0.0000
   85.0000   132.0000   304.8000     0.0089     0.0162     0.0000
  102.0000   132.0000   304.8000     0.3957     1.9934     0.0000
  119.0000   132.0000   304.8000     0.3161     1.1801     0.0000
  136.0000   132.0000   304.8000     0.2787     0.7386     0.0000
  153.0000   132.0000   304.8000     0.1401     0.4817     0.0000
  170.0000   132.0000   304.8000     0.0000     0.5236     0.0000
    0.0000   154.0000   304.8000    -1.4035     0.0000     0.0000
   17.0000   154.0000   304.8000    -1.4301    -0.0324     0.0000
   34.0000   154.0000   304.8000    -1.4991    -0.0324     0.0000
   51.0000   154.0000   304.8000    -1.6219    -0.0065     0.0000
   68.0000   154.0000   304.8000    -2.0718     0.1918     0.0000
   85.0000   154.0000   304.8000    -1.4801     1.2921     0.0000
  102.0000   154.0000   304.8000    -0.7089     1.2696     0.0000
  119.0000   154.0000   304.8000    -0.2663     0.9695     0.0000
  136.0000   154.0000   304.8000    -0.0832     0.7110     0.0000
  153.0000   154.0000   304.8000    -0.0165     0.5623     0.0000
  170.0000   154.0000   304.8000    -0.0000     0.0021     0.0000
    0.0000   176.0000   304.8000    -1.4211     0.0000     0.0000
   17.0000   176.0000   304.8000    -1.4292     0.0092     0.0000
   34.0000   176.0000   304.8000    -1.4498     0.0420     0.0000
   51.0000   176.0000   304.8000    -1.4726     0.1313     0.0000
   68.0000   176.0000   304.8000    -1.4422     0.3277     0.0000
   85.0000   176.0000   304.8000    -1.2021     0.5606     0.0000
  102.0000   176.0000   304.8000    -0.8297     0.6420     0.0000
  119.0000   176.0000   304.8000    -0.5024     0.5891     0.0000
  136.0000   176.0000   304.8000    -0.2665     0.4983     0.0000
  153.0000   176.0000   304.8000    -0.0987     0.4335     0.0000
  170.0000   176.0000   304.8000    -0.0000     0.0017     0.0000
    0.0000   198.0000   304.8000    -1.4087     0.0000     0.0000
   17.0000   198.0000   304.8000    -1.4054     0.0124     0.0000
   34.0000   198.0000   304.8000    -1.3905     0.0360     0.0000
   51.0000   198.0000   304.8000    -1.3468     0.0817     0.0000
   68.0000   198.0000   304.8000    -1.2445     0.1509     0.0000
   85.0000   198.0000   304.8000    -1.0606     0.2201     0.0000
  102.0000   198.0000   304.8000    -0.8167     0.2555     0.0000
  119.0000   198.0000   304.8000    -0.5630     0.2515     0.0000
  136.0000   198.0000   304.8000    -0.3332     0.2285     0.0000
  153.0000   198.0000   304.8000    -0.1321     0.2087     0.0000
  170.0000   198.0000   304.8000    -0.0000     0.0008     0.0000
    0.0000   220.0000   304.8000    -0.0056    -0.0000     0.0000
   17.0000   220.0000   304.8000    -0.0056     0.0000     0.0000
   34.0000   220.0000   304.8000    -0.0055     0.0000     0.0000
   51.0000   220.0000   304.8000    -0.0053     0.0000     0.0000
   68.0000   220.0000   304.8000    -0.0048     0.0000     0.0000
   85.0000   220.0000   304.8000    -0.0041     0.0000     0.0000
  102.0000   220.0000   304.8000    -0.0032     0.0000     0.0000
  119.0000   220.0000   304.8000    -0.0023     0.0000     0.0000
  136.0000   220.0000   304.8000    -0.0014     0.0000     0.0000
  153.0000   220.0000   304.8000    -0.0006     0.0000     0.0000
  170.0000   220.0000   304.8000    -0.0000     0.0000     0.0000
    0.0000     0.0000   609.6000     0.0000     0.0000     0.0000
   17.0000     0.0000   609.6000     0.0000     0.3249     0.0000
   34.0000     0.0000   609.6000     0.0000     0.6486     0.0000
   51.0000     0.0000   609.6000     0.0000     0.8679     0.0000
   68.0000     0.0000   609.6000     0.0000     0.6727     0.0000
   85.0000     0.0000   609.6000     0.0000     0.4305     0.0000
  102.0000     0.0000   609.6000     0.0000     0.2557     0.0000
  119.0000     0.0000   609.6000     0.0000     0.1357     0.0000
  136.0000     0.0000   609.6000     0.0000     0.0425     0.0000
  153.0000     0.0000   609.6000     0.0000    -1.9792     0.0000
  170.0000     0.0000   609.6000     0.0000    -0.0080     0.0000
    0.0000    22.0000   609.6000     0.4207     0.0000     0.0000
   17.0000    22.0000   609.6000     0.4205     0.3249     0.0000
   34.0000    22.0000   609.6000     0.3948     0.6674     0.0000
   51.0000    22.0000   609.6000     0.4371     1.1462     0.0000
   68.0000    22.0000   609.6000    -0.4148     0.5334     0.0000
   85.0000    22.0000   609.6000    -0.1743     0.3290     0.0000
  102.0000    22.0000   609.6000    -0.0897     0.2149     0.0000
  119.0000    22.0000   609.6000    -0.0549     0.1221     0.0000
  136.0000    22.0000   609.6000    -0.0460     0.0440     0.0000
  153.0000    22.0000   609.6000    -0.0442    -2.0373     0.0000
  170.0000    22.0000   609.6000    -0.0000     0.2258     0.0000
    0.0000    44.0000   609.6000     0.8162     0.0000     0.0000
   17.0000    44.0000   609.6000     0.9332     0.1226     0.0000
   34.0000    44.0000   609.6000     0.8964     0.6809     0.0000
   51.0000    44.0000   609.6000     0.8874     1.0097     0.0000
   68.0000    44.0000   609.6000     0.9514     1.2527     0.0000
   85.0000    44.0000   609.6000     1.0906     1.3737     0.0000
  102.0000    44.0000   609.6000    -0.1060     0.1404     0.0000
  119.0000    44.0000   609.6000    -0.0652     0.0883     0.0000
  136.0000    44.0000   609.6000    -0.0463     0.0354     0.0000
  153.0000    44.0000   609.6000    -0.0378    -2.1223     0.0000
  170.0000    44.0000   609.6000     0.0000     0.3071     0.0000
    0.0000    66.0000   609.6000     0.7040     0.0000     0.0000
   17.0000    66.0000   609.6000     0.6491    -0.3560     0.0000
   34.0000    66.0000   609.6000     1.3034     0.8173     0.0000
   51.0000    66.0000   609.6000     1.1960     1.0357     0.0000
   68.0000    66.0000   609.6000     1.1667     1.2001     0.0000
   85.0000    66.0000   609.6000     1.1804     1.3088     0.0000
  102.0000    66.0000   609.6000     1.2299     1.3653     0.0000
  119.0000    66.0000   609.6000    -0.0426     0.0561     0.0000
  136.0000    66.0000   609.6000    -0.0237     0.0195     0.0000
  153.0000    66.0000   609.6000     0.0162    -2.2329     0.0000
  170.0000    66.0000   609.6000     0.0000     0.3652     0.0000
    0.0000    88.0000   609.6000     0.0000     0.0000     0.0000
   17.0000    88.0000   609.6000     0.3425    -0.1321     0.0000
   34.0000    88.0000   609.6000     0.2338    -0.1758     0.0000
   51.0000    88.0000   609.6000     1.3923     1.1498     0.0000
   68.0000    88.0000   609.6000     1.3114     1.2486     0.0000
   85.0000    88.0000   609.6000     1.2567     1.3153     0.0000
  102.0000    88.0000   609.6000     1.2312     1.3142     0.0000
  119.0000    88.0000   609.6000     1.3233     1.2800     0.0000
  136.0000    88.0000   609.6000     0.0294    -0.0027     0.0000
  153.0000    88.0000   609.6000     0.6890    -1.0129     0.0000
  170.0000    88.0000   609.6000     0.0000    -0.0044     0.0000
    0.0000   110.0000   609.6000     0.0000     0.0000     0.0000
   17.0000   110.0000   609.6000     0.1832    -0.0536     0.0000
   34.0000   110.0000   609.6000     0.1433    -0.0808     0.0000
   51.0000   110.0000   609.6000     0.1011    -0.0751     0.0000
   68.0000   110.0000   609.6000     1.4778     1.2359     0.0000
   85.0000   110.0000   609.6000     1.3121     1.4594     0.0000
  102.0000   110.0000   609.6000     1.0756     1.4016     0.0000
  119.0000   110.0000   609.6000     0.9631     1.0666     0.0000
  136.0000   110.0000   609.6000     0.8821     0.4942     0.0000
  153.0000   110.0000   609.6000     0.4062     0.0302     0.0000
  170.0000   110.0000   609.6000     0.0000     0.6726     0.0000
    0.0000   132.0000   609.6000     0.0566     0.0073     0.0000
   17.0000   132.0000   609.6000     0.0632    -0.0361     0.0000
   34.0000   132.0000   609.6000     0.0574    -0.0474     0.0000
   51.0000   132.0000   609.6000     0.0426    -0.0409     0.0000
   68.0000   132.0000   609.6000     0.0260    -0.0200     0.0000
   85.0000   132.0000   609.6000     0.0089     0.0162     0.0000
  102.0000   132.0000   609.6000     0.3957     1.9934     0.0000
  119.0000   132.0000   609.6000     0.3161     1.1801     0.0000
  136.0000   132.0000   609.6000     0.2787     0.7386     0.0000
  153.0000   132.0000   609.6000     0.1401     0.4817     0.0000
  170.0000   132.0000   609.6000     0.0000     0.5236     0.0000
    0.0000   154.0000   609.6000    -1.4035     0.0000     0.0000
   17.0000   154.0000   609.6000    -1.4301    -0.0324     0.0000
   34.0000   154.0000   609.6000    -1.4991    -0.0324     0.0000
   51.0000   154.0000   609.6000    -1.6219    -0.0065     0.0000
   68.0000   154.0000   609.6000    -2.0718     0.1918     0.0000
   85.0000   154.0000   609.6000    -1.4801     1.2921     0.0000
  102.0000   154.0000   609.6000    -0.7089     1.2696     0.0000
  119.0000   154.0000   609.6000    -0.2663     0.9695     0.0000
  136.0000   154.0000   609.6000    -0.0832     0.7110     0.0000
  153.0000   154.0000   609.6000    -0.0165     0.5623     0.0000
  170.0000   154.0000   609.6000    -0.0000     0.0021     0.0000
    0.0000   176.0000   609.6000    -1.4211     0.0000     0.0000
   17.0000   176.0000   609.6000    -1.4292     0.0092     0.0000
   34.0000   176.0000   609.6000    -1.4498     0.0420     0.0000
   51.0000   176.0000   609.6000    -1.4726     0.1313     0.0000
   68.0000   176.0000   609.6000    -1.4422     0.3277     0.0000
   85.0000   176.0000   609.6000    -1.2021     0.5606     0.0000
  102.0000   176.0000   609.6000    -0.8297     0.6420     0.0000
  119.0000   176.0000   609.6000    -0.5024     0.5891     0.0000
  136.0000   176.0000   609.6000    -0.2665     0.4983     0.0000
  153.0000   176.0000   609.6000    -0.0987     0.4335     0.0000
  170.0000   176.0000   609.6000    -0.0000     0.0017     0.0000
    0.0000   198.0000   609.6000    -1.4087     0.0000     0.0000
   17.0000   198.0000   609.6000    -1.4054     0.0124     0.0000
   34.0000   198.0000   609.6000    -1.3905     0.0360     0.0000
   51.0000   198.0000   609.6000    -1.3468     0.0817     0.0000
   68.0000   198.0000   609.6000    -1.2445     0.1509     0.0000
   85.0000   198.0000   609.6000    -1.0606     0.2201     0.0000
  102.0000   198.0000   609.6000    -0.8167     0.2555     0.0000
  119.0000   198.0000   609.6000    -0.5630     0.2515     0.0000
  136.0000   198.0000   609.6000    -0.3332     0.2285     0.0000
  153.0000   198.0000   609.6000    -0.1321     0.2087     0.0000
  170.0000   198.0000   609.6000    -0.0000     0.0008     0.0000
    0.0000   220.0000   609.6000    -0.0056    -0.0000     0.0000
   17.0000   220.0000   609.6000    -0.0056     0.0000     0.0000
   34.0000   220.0000   609.6000    -0.0055     0.0000     0.0000
   51.0000   220.0000   609.6000    -0.0053     0.0000     0.0000
   68.0000   220.0000   609.6000    -0.0048     0.0000     0.0000
   85.0000   220.0000   609.6000    -0.0041     0.0000     0.0000
  102.0000   220.0000   609.6000    -0.0032     0.0000     0.0000
  119.0000   220.0000   609.6000    -0.0023     0.0000     0.0000
  136.0000   220.0000   609.6000    -0.0014     0.0000     0.0000
  153.0000   220.0000   609.6000    -0.0006     0.0000     0.0000
  170.0000   220.0000   609.6000    -0.0000     0.0000     0.0000
    0.0000     0.0000   914.4000     0.0000     0.0000     0.0000
   17.0000     0.0000   914.4000     0.0000     0.3249     0.0000
   34.0000     0.0000   914.4000     0.0000     0.6486     0.0000
   51.0000     0.0000   914.4000     0.0000     0.8679     0.0000
   68.0000     0.0000   914.4000     0.0000     0.6727     0.0000
   85.0000     0.0000   914.4000     0.0000     0.4305     0.0000
  102.0000     0.0000   914.4000     0.0000     0.2557     0.0000
  119.0000     0.0000   914.4000     0.0000     0.1357     0.0000
  136.0000     0.0000   914.4000     0.0000     0.0425     0.0000
  153.0000     0.0000   914.4000     0.0000    -1.9792     0.0000
  170.0000     0.0000   914.4000     0.0000    -0.0080     0.0000
    0.0000    22.0000   914.4000     0.4207     0.0000     0.0000
   17.0000    22.0000   914.4000     0.4205     0.3249     0.0000
   34.0000    22.0000   914.4000     0.3948     0.6674     0.0000
   51.0000    22.0000   914.4000     0.4371     1.1462     0.0000
   68.0000    22.0000   914.4000    -0.4148     0.5334     0.0000
   85.0000    22.0000   914.4000    -0.1743     0.3290     0.0000
  102.0000    22.0000   914.4000    -0.0897     0.2149     0.0000
  119.0000    22.0000   914.4000    -0.0549     0.1221     0.0000
  136.0000    22.0000   914.4000    -0.0460     0.0440     0.0000
  153.0000    22.0000   914.4000    -0.0442    -2.0373     0.0000
  170.0000    22.0000   914.4000    -0.0000     0.2258     0.0000
    0.0000    44.0000   914.4000     0.8162     0.0000     0.0000
   17.0000    44.0000   914.4000     0.9332     0.1226     0.0000
   34.0000    44.0000   914.4000     0.8964     0.6809     0.0000
   51.0000    44.0000   914.4000     0.8874     1.0097     0.0000
   68.0000    44.0000   914.4000     0.9514     1.2527     0.0000
   85.0000    44.0000   914.4000     1.0906     1.3737     0.0000
  102.0000    44.0000   914.4000    -0.1060     0.1404     0.0000
  119.0000    44.0000   914.4000    -0.0652     0.0883     0.0000
  136.0000    44.0000   914.4000    -0.0463     0.0354     0.0000
  153.0000    44.0000   914.4000    -0.0378    -2.1223     0.0000
  170.0000    44.0000   914.4000     0.0000     0.3071     0.0000
    0.0000    66.0000   914.4000     0.7040     0.0000     0.0000
   17.0000    66.0000   914.4000     0.6491    -0.3560     0.0000
   34.0000    66.0000   914.4000     1.3034     0.8173     0.0000
   51.0000    66.0000   914.4000     1.1960     1.0357     0.0000
   68.0000    66.0000   914.4000     1.1667     1.2001     0.0000
   85.0000    66.0000   914.4000     1.1804     1.3088     0.0000
  102.0000    66.0000   914.4000     1.2299     1.3653     0.0000
  119.0000    66.0000   914.4000    -0.0426     0.0561     0.0000
  136.0000    66.0000   914.4000    -0.0237     0.0195     0.0000
  153.0000    66.0000   914.4000     0.0162    -2.2329     0.0000
  170.0000    66.0000   914.4000     0.0000     0.3652     0.0000
    0.0000    88.0000   914.4000     0.0000     0.0000     0.0000
   17.0000    88.0000   914.4000     0.3425    -0.1321     0.0000
   34.0000    88.0000   914.4000     0.2338    -0.1758     0.0000
   51.0000    88.0000   914.4000     1.3923     1.1498     0.0000
   68.0000    88.0000   914.4000     1.3114     1.2486     0.0000
   85.0000    88.0000   914.4000     1.2567     1.3153     0.0000
  102.0000    88.0000   914.4000     1.2312     1.3142     0.0000
  119.0000    88.0000   914.4000     1.3233     1.2800     0.0000
  136.0000    88.0000   914.4000     0.0294    -0.0027     0.0000
  153.0000    88.0000   914.4000     0.6890    -1.0129     0.0000
  170.0000    88.0000   914.4000     0.0000    -0.0044     0.0000
    0.0000   110.0000   914.4000     0.0000     0.0000     0.0000
   17.0000   110.0000   914.4000     0.1832    -0.0536     0.0000
   34.0000   110.0000   914.4000     0.1433    -0.0808     0.0000
   51.0000   110.0000   914.4000     0.1011    -0.0751     0.0000
   68.0000   110.0000   914.4000     1.4778     1.2359     0.0000
   85.0000   110.0000   914.4000     1.3121     1.4594     0.0000
  102.0000   110.0000   914.4000     1.0756     1.4016     0.0000
  119.0000   110.0000   914.4000     0.9631     1.0666     0.0000
  136.0000   110.0000   914.4000     0.8821     0.4942     0.0000
  153.0000   110.0000   914.4000     0.4062     0.0302     0.0000
  170.0000   110.0000   914.4000     0.0000     0.6726     0.0000
    0.0000   132.0000   914.4000     0.0566     0.0073     0.0000
   17.0000   132.0000   914.4000     0.0632    -0.0361     0.0000
   34.0000   132.0000   914.4000     0.0574    -0.0474     0.0000
   51.0000   132.0000   914.4000     0.0426    -0.0409     0.0000
   68.0000   132.0000   914.4000     0.0260    -0.0200     0.0000
   85.0000   132.0000   914.4000     0.0089     0.0162     0.0000
  102.0000   132.0000   914.4000     0.3957     1.9934     0.0000
  119.0000   132.0000   914.4000     0.3161     1.1801     0.0000
  136.0000   132.0000   914.4000     0.2787     0.7386     0.0000
  153.0000   132.0000   914.4000     0.1401     0.4817     0.0000
  170.0000   132.0000   914.4000     0.0000     0.5236     0.0000
    0.0000   154.0000   914.4000    -1.4035     0.0000     0.0000
   17.0000   154.0000   914.4000    -1.4301    -0.0324     0.0000
   34.0000   154.0000   914.4000    -1.4991    -0.0324     0.0000
   51.0000   154.0000   914.4000    -1.6219    -0.0065     0.0000
   68.0000   154.0000   914.4000    -2.0718     0.1918     0.0000
   85.0000   154.0000   914.4000    -1.4801     1.2921     0.0000
  102.0000   154.0000   914.4000    -0.7089     1.2696     0.0000
  119.0000   154.0000   914.4000    -0.2663     0.9695     0.0000
  136.0000   154.0000   914.4000    -0.0832     0.7110     0.0000
  153.0000   154.0000   914.4000    -0.0165     0.5623     0.0000
  170.0000   154.0000   914.4000    -0.0000     0.0021     0.0000
    0.0000   176.0000   914.4000    -1.4211     0.0000     0.0000
   17.0000   176.0000   914.4000    -1.4292     0.0092     0.0000
   34.0000   176.0000   914.4000    -1.4498     0.0420     0.0000
   51.0000   176.0000   914.4000    -1.4726     0.1313     0.0000
   68.0000   176.0000   914.4000    -1.4422     0.3277     0.0000
   85.0000   176.0000   914.4000    -1.2021     0.5606     0.0000
  102.0000   176.0000   914.4000    -0.8297     0.6420     0.0000
  119.0000   176.0000   914.4000    -0.5024     0.5891     0.0000
  136.0000   176.0000   914.4000    -0.2665     0.4983     0.0000
  153.0000   176.0000   914.4000    -0.0987     0.4335     0.0000
  170.0000   176.0000   914.4000    -0.0000     0.0017     0.0000
    0.0000   198.0000   914.4000    -1.4087     0.0000     0.0000
   17.0000   198.0000   914.4000    -1.4054     0.0124     0.0000
   34.0000   198.0000   914.4000    -1.3905     0.0360     0.0000
   51.0000   198.0000   914.4000    -1.3468     0.0817     0.0000
   68.0000   198.0000   914.4000    -1.2445     0.1509     0.0000
   85.0000   198.0000   914.4000    -1.0606     0.2201     0.0000
  102.0000   198.0000   914.4000    -0.8167     0.2555     0.0000
  119.0000   198.0000   914.4000    -0.5630     0.2515     0.0000
  136.0000   198.0000   914.4000    -0.3332     0.2285     0.0000
  153.0000   198.0000   914.4000    -0.1321     0.2087     0.0000
  170.0000   198.0000   914.4000    -0.0000     0.0008     0.0000
    0.0000   220.0000   914.4000    -0.0056    -0.0000     0.0000
   17.0000   220.0000   914.4000    -0.0056     0.0000     0.0000
   34.0000   220.0000   914.4000    -0.0055     0.0000     0.0000
   51.0000   220.0000   914.4000    -0.0053     0.0000     0.0000
   68.0000   220.0000   914.4000    -0.0048     0.0000     0.0000
   85.0000   220.0000   914.4000    -0.0041     0.0000     0.0000
  102.0000   220.0000   914.4000    -0.0032     0.0000     0.0000
  119.0000   220.0000   914.4000    -0.0023     0.0000     0.0000
  136.0000   220.0000   914.4000    -0.0014     0.0000     0.0000
  153.0000   220.0000   914.4000    -0.0006     0.0000     0.0000
  170.0000   220.0000   914.4000    -0.0000     0.0000     0.0000
    0.0000     0.0000  1219.2000     0.0000     0.0000     0.0000
   17.0000     0.0000  1219.2000     0.0000     0.3249     0.0000
   34.0000     0.0000  1219.2000     0.0000     0.6486     0.0000
   51.0000     0.0000  1219.2000     0.0000     0.8679     0.0000
   68.0000     0.0000  1219.2000     0.0000     0.6727     0.0000
   85.0000     0.0000  1219.2000     0.0000     0.4305     0.0000
  102.0000     0.0000  1219.2000     0.0000     0.2557     0.0000
  119.0000     0.0000  1219.2000     0.0000     0.1357     0.0000
  136.0000     0.0000  1219.2000     0.0000     0.0425     0.0000
  153.0000     0.0000  1219.2000     0.0000    -1.9792     0.0000
  170.0000     0.0000  1219.2000     0.0000    -0.0080     0.0000
    0.0000    22.0000  1219.2000     0.4207     0.0000     0.0000
   17.0000    22.0000  1219.2000     0.4205     0.3249     0.0000
   34.0000    22.0000  1219.2000     0.3948     0.6674     0.0000
   51.0000    22.0000  1219.2000     0.4371     1.1462     0.0000
   68.0000    22.0000  1219.2000    -0.4148     0.5334     0.0000
   85.0000    22.0000  1219.2000    -0.1743     0.3290     0.0000
  102.0000    22.0000  1219.2000    -0.0897     0.2149     0.0000
  119.0000    22.0000  1219.2000    -0.0549     0.1221     0.0000
  136.0000    22.0000  1219.2000    -0.0460     0.0440     0.0000
  153.0000    22.0000  1219.2000    -0.0442    -2.0373     0.0000
  170.0000    22.0000  1219.2000    -0.0000     0.2258     0.0000
    0.0000    44.0000  1219.2000     0.8162     0.0000     0.0000
   17.0000    44.0000  1219.2000     0.9332     0.1226     0.0000
   34.0000    44.0000  1219.2000     0.8964     0.6809     0.0000
   51.0000    44.0000  1219.2000     0.8874     1.0097     0.0000
   68.0000    44.0000  1219.2000     0.9514     1.2527     0.0000
   85.0000    44.0000  1219.2000     1.0906     1.3737     0.0000
  102.0000    44.0000  1219.2000    -0.1060     0.1404     0.0000
  119.0000    44.0000  1219.2000    -0.0652     0.0883     0.0000
  136.0000    44.0000  1219.2000    -0.0463     0.0354     0.0000
  153.0000    44.0000  1219.2000    -0.0378    -2.1223     0.0000
  170.0000    44.0000  1219.2000     0.0000     0.3071     0.0000
    0.0000    66.0000  1219.2000     0.7040     0.0000     0.0000
   17.0000    66.0000  1219.2000     0.6491    -0.3560     0.0000
   34.0000    66.0000  1219.2000     1.3034     0.8173     0.0000
   51.0000    66.0000  1219.2000     1.1960     1.0357     0.0000
   68.0000    66.0000  1219.2000     1.1667     1.2001     0.0000
   85.0000    66.0000  1219.2000     1.1804     1.3088     0.0000
  102.0000    66.0000  1219.2000     1.2299     1.3653     0.0000
  119.0000    66.0000  1219.2000    -0.0426     0.0561     0.0000
  136.0000    66.0000  1219.2000    -0.0237     0.0195     0.0000
  153.0000    66.0000  1219.2000     0.0162    -2.2329     0.0000
  170.0000    66.0000  1219.2000     0.0000     0.3652     0.0000
    0.0000    88.0000  1219.2000     0.0000     0.0000     0.0000
   17.0000    88.0000  1219.2000     0.3425    -0.1321     0.0000
   34.0000    88.0000  1219.2000     0.2338    -0.1758     0.0000
   51.0000    88.0000  1219.2000     1.3923     1.1498     0.0000
   68.0000    88.0000  1219.2000     1.3114     1.2486     0.0000
   85.0000    88.0000  1219.2000     1.2567     1.3153     0.0000
  102.0000    88.0000  1219.2000     1.2312     1.3142     0.0000
  119.0000    88.0000  1219.2000     1.3233     1.2800     0.0000
  136.0000    88.0000  1219.2000     0.0294    -0.0027     0.0000
  153.0000    88.0000  1219.2000     0.6890    -1.0129     0.0000
  170.0000    88.0000  1219.2000     0.0000    -0.0044     0.0000
    0.0000   110.0000  1219.2000     0.0000     0.0000     0.0000
   17.0000   110.0000  1219.2000     0.1832    -0.0536     0.0000
   34.0000   110.0000  1219.2000     0.1433    -0.0808     0.0000
   51.0000   110.0000  1219.2000     0.1011    -0.0751     0.0000
   68.0000   110.0000  1219.2000     1.4778     1.2359     0.0000
   85.0000   110.0000  1219.2000     1.3121     1.4594     0.0000
  102.0000   110.0000  1219.2000     1.0756     1.4016     0.0000
  119.0000   110.0000  1219.2000     0.9631     1.0666     0.0000
  136.0000   110.0000  1219.2000     0.8821     0.4942     0.0000
  153.0000   110.0000  1219.2000     0.4062     0.0302     0.0000
  170.0000   110.0000  1219.2000     0.0000     0.6726     0.0000
    0.0000   132.0000  1219.2000     0.0566     0.0073     0.0000
   17.0000   132.0000  1219.2000     0.0632    -0.0361     0.0000
   34.0000   132.0000  1219.2000     0.0574    -0.0474     0.0000
   51.0000   132.0000  1219.2000     0.0426    -0.0409     0.0000
   68.0000   132.0000  1219.2000     0.0260    -0.0200     0.0000
   85.0000   132.0000  1219.2000     0.0089     0.0162     0.0000
  102.0000   132.0000  1219.2000     0.3957     1.9934     0.0000
  119.0000   132.0000  1219.2000     0.3161     1.1801     0.0000
  136.0000   132.0000  1219.2000     0.2787     0.7386     0.0000
  153.0000   132.0000  1219.2000     0.1401     0.4817     0.0000
  170.0000   132.0000  1219.2000     0.0000     0.5236     0.0000
    0.0000   154.0000  1219.2000    -1.4035     0.0000     0.0000
   17.0000   154.0000  1219.2000    -1.4301    -0.0324     0.0000
   34.0000   154.0000  1219.2000    -1.4991    -0.0324     0.0000
   51.0000   154.0000  1219.2000    -1.6219    -0.0065     0.0000
   68.0000   154.0000  1219.2000    -2.0718     0.1918     0.0000
   85.0000   154.0000  1219.2000    -1.4801     1.2921     0.0000
  102.0000   154.0000  1219.2000    -0.7089     1.2696     0.0000
  119.0000   154.0000  1219.2000    -0.2663     0.9695     0.0000
  136.0000   154.0000  1219.2000    -0.0832     0.7110     0.0000
  153.0000   154.0000  1219.2000    -0.0165     0.5623     0.0000
  170.0000   154.0000  1219.2000    -0.0000     0.0021     0.0000
    0.0000   176.0000  1219.2000    -1.4211     0.0000     0.0000
   17.0000   176.0000  1219.2000    -1.4292     0.0092     0.0000
   34.0000   176.0000  1219.2000    -1.4498     0.0420     0.0000
   51.0000   176.0000  1219.2000    -1.4726     0.1313     0.0000
   68.0000   176.0000  1219.2000    -1.4422     0.3277     0.0000
   85.0000   176.0000  1219.2000    -1.2021     0.5606     0.0000
  102.0000   176.0000  1219.2000    -0.8297     0.6420     0.0000
  119.0000   176.0000  1219.2000    -0.5024     0.5891     0.0000
  136.0000   176.0000  1219.2000    -0.2665     0.4983     0.0000
  153.0000   176.0000  1219.2000    -0.0987     0.4335     0.0000
  170.0000   176.0000  1219.2000    -0.0000     0.0017     0.0000
    0.0000   198.0000  1219.2000    -1.4087     0.0000     0.0000
   17.0000   198.0000  1219.2000    -1.4054     0.0124     0.0000
   34.0000   198.0000  1219.2000    -1.3905     0.0360     0.0000
   51.0000   198.0000  1219.2000    -1.3468     0.0817     0.0000
   68.0000   198.0000  1219.2000    -1.2445     0.1509     0.0000
   85.0000   198.0000  1219.2000    -1.0606     0.2201     0.0000
  102.0000   198.0000  1219.2000    -0.8167     0.2555     0.0000
  119.0000   198.0000  1219.2000    -0.5630     0.2515     0.0000
  136.0000   198.0000  1219.2000    -0.3332     0.2285     0.0000
  153.0000   198.0000  1219.2000    -0.1321     0.2087     0.0000
  170.0000   198.0000  1219.2000    -0.0000     0.0008     0.0000
    0.0000   220.0000  1219.2000    -0.0056    -0.0000     0.0000
   17.0000   220.0000  1219.2000    -0.0056     0.0000     0.0000
   34.0000   220.0000  1219.2000    -0.0055     0.0000     0.0000
   51.0000   220.0000  1219.2000    -0.0053     0.0000     0.0000
   68.0000   220.0000  1219.2000    -0.0048     0.0000     0.0000
   85.0000   220.0000  1219.2000    -0.0041     0.0000     0.0000
  102.0000   220.0000  1219.2000    -0.0032     0.0000     0.0000
  119.0000   220.0000  1219.2000    -0.0023     0.0000     0.0000
  136.0000   220.0000  1219.2000    -0.0014     0.0000     0.0000
  153.0000   220.0000  1219.2000    -0.0006     0.0000     0.0000
  170.0000   220.0000  1219.2000    -0.0000     0.0000     0.0000
    0.0000     0.0000  1524.0000     0.0000     0.0000     0.0000
   17.0000     0.0000  1524.0000     0.0000     0.3249     0.0000
   34.0000     0.0000  1524.0000     0.0000     0.6486     0.0000
   51.0000     0.0000  1524.0000     0.0000     0.8679     0.0000
   68.0000     0.0000  1524.0000     0.0000     0.6727     0.0000
   85.0000     0.0000  1524.0000     0.0000     0.4305     0.0000
  102.0000     0.0000  1524.0000     0.0000     0.2557     0.0000
  119.0000     0.0000  1524.0000     0.0000     0.1357     0.0000
  136.0000     0.0000  1524.0000     0.0000     0.0425     0.0000
  153.0000     0.0000  1524.0000     0.0000    -1.9792     0.0000
  170.0000     0.0000  1524.0000     0.0000    -0.0080     0.0000
    0.0000    22.0000  1524.0000     0.4207     0.0000     0.0000
   17.0000    22.0000  1524.0000     0.4205     0.3249     0.0000
   34.0000    22.0000  1524.0000     0.3948     0.6674     0.0000
   51.0000    22.0000  1524.0000     0.4371     1.1462     0.0000
   68.0000    22.0000  1524.0000    -0.4148     0.5334     0.0000
   85.0000    22.0000  1524.0000    -0.1743     0.3290     0.0000
  102.0000    22.0000  1524.0000    -0.0897     0.2149     0.0000
  119.0000    22.0000  1524.0000    -0.0549     0.1221     0.0000
  136.0000    22.0000  1524.0000    -0.0460     0.0440     0.0000
  153.0000    22.0000  1524.0000    -0.0442    -2.0373     0.0000
  170.0000    22.0000  1524.0000    -0.0000     0.2258     0.0000
    0.0000    44.0000  1524.0000     0.8162     0.0000     0.0000
   17.0000    44.0000  1524.0000     0.9332     0.1226     0.0000
   34.0000    44.0000  1524.0000     0.8964     0.6809     0.0000
   51.0000    44.0000  1524.0000     0.8874     1.0097     0.0000
   68.0000    44.0000  1524.0000     0.9514     1.2527     0.0000
   85.0000    44.0000  1524.0000     1.0906     1.3737     0.0000
  102.0000    44.0000  1524.0000    -0.1060     0.1404     0.0000
  119.0000    44.0000  1524.0000    -0.0652     0.0883     0.0000
  136.0000    44.0000  1524.0000    -0.0463     0.0354     0.0000
  153.0000    44.0000  1524.0000    -0.0378    -2.1223     0.0000
  170.0000    44.0000  1524.0000     0.0000     0.3071     0.0000
    0.0000    66.0000  1524.0000     0.7040     0.0000     0.0000
   17.0000    66.0000  1524.0000     0.6491    -0.3560     0.0000
   34.0000    66.0000  1524.0000     1.3034     0.8173     0.0000
   51.0000    66.0000  1524.0000     1.1960     1.0357     0.0000
   68.0000    66.0000  1524.0000     1.1667     1.2001     0.0000
   85.0000    66.0000  1524.0000     1.1804     1.3088     0.0000
  102.0000    66.0000  1524.0000     1.2299     1.3653     0.0000
  119.0000    66.0000  1524.0000    -0.0426     0.0561     0.0000
  136.0000    66.0000  1524.0000    -0.0237     0.0195     0.0000
  153.0000    66.0000  1524.0000     0.0162    -2.2329     0.0000
  170.0000    66.0000  1524.0000     0.0000     0.3652     0.0000
    0.0000    88.0000  1524.0000     0.0000     0.0000     0.0000
   17.0000    88.0000  1524.0000     0.3425    -0.1321     0.0000
   34.0000    88.0000  1524.0000     0.2338    -0.1758     0.0000
   51.0000    88.0000  1524.0000     1.3923     1.1498     0.0000
   68.0000    88.0000  1524.0000     1.3114     1.2486     0.0000
   85.0000    88.0000  1524.0000     1.2567     1.3153     0.0000
  102.0000    88.0000  1524.0000     1.2312     1.3142     0.0000
  119.0000    88.0000  1524.0000     1.3233     1.2800     0.0000
  136.0000    88.0000  1524.0000     0.0294    -0.0027     0.0000
  153.0000    88.0000  1524.0000     0.6890    -1.0129     0.0000
  170.0000    88.0000  1524.0000     0.0000    -0.0044     0.0000
    0.0000   110.0000  1524.0000     0.0000     0.0000     0.0000
   17.0000   110.0000  1524.0000     0.1832    -0.0536     0.0000
   34.0000   110.0000  1524.0000     0.1433    -0.0808     0.0000
   51.0000   110.0000  1524.0000     0.1011    -0.0751     0.0000
   68.0000   110.0000  1524.0000     1.4778     1.2359     0.0000
   85.0000   110.0000  1524.0000     1.3121     1.4594     0.0000
  102.0000   110.0000  1524.0000     1.0756     1.4016     0.0000
  119.0000   110.0000  1524.0000     0.9631     1.0666     0.0000
  136.0000   110.0000  1524.0000     0.8821     0.4942     0.0000
  153.0000   110.0000  1524.0000     0.4062     0.0302     0.0000
  170.0000   110.0000  1524.0000     0.0000     0.6726     0.0000
    0.0000   132.0000  1524.0000     0.0566     0.0073     0.0000
   17.0000   132.0000  1524.0000     0.0632    -0.0361     0.0000
   34.0000   132.0000  1524.0000     0.0574    -0.0474     0.0000
   51.0000   132.0000  1524.0000     0.0426    -0.0409     0.0000
   68.0000   132.0000  1524.0000     0.0260    -0.0200     0.0000
   85.0000   132.0000  1524.0000     0.0089     0.0162     0.0000
  102.0000   132.0000  1524.0000     0.3957     1.9934     0.0000
  119.0000   132.0000  1524.0000     0.3161     1.1801     0.0000
  136.0000   132.0000  1524.0000     0.2787     0.7386     0.0000
  153.0000   132.0000  1524.0000     0.1401     0.4817     0.0000
  170.0000   132.0000  1524.0000     0.0000     0.5236     0.0000
    0.0000   154.0000  1524.0000    -1.4035     0.0000     0.0000
   17.0000   154.0000  1524.0000    -1.4301    -0.0324     0.0000
   34.0000   154.0000  1524.0000    -1.4991    -0.0324     0.0000
   51.0000   154.0000  1524.0000    -1.6219    -0.0065     0.0000
   68.0000   154.0000  1524.0000    -2.0718     0.1918     0.0000
   85.0000   154.0000  1524.0000    -1.4801     1.2921     0.0000
  102.0000   154.0000  1524.0000    -0.7089     1.2696     0.0000
  119.0000   154.0000  1524.0000    -0.2663     0.9695     0.0000
  136.0000   154.0000  1524.0000    -0.0832     0.7110     0.0000
  153.0000   154.0000  1524.0000    -0.0165     0.5623     0.0000
  170.0000   154.0000  1524.0000    -0.0000     0.0021     0.0000
    0.0000   176.0000  1524.0000    -1.4211     0.0000     0.0000
   17.0000   176.0000  1524.0000    -1.4292     0.0092     0.0000
   34.0000   176.0000  1524.0000    -1.4498     0.0420     0.0000
   51.0000   176.0000  1524.0000    -1.4726     0.1313     0.0000
   68.0000   176.0000  1524.0000    -1.4422     0.3277     0.0000
   85.0000   176.0000  1524.0000    -1.2021     0.5606     0.0000
  102.0000   176.0000  1524.0000    -0.8297     0.6420     0.0000
  119.0000   176.0000  1524.0000    -0.5024     0.5891     0.0000
  136.0000   176.0000  1524.0000    -0.2665     0.4983     0.0000
  153.0000   176.0000  1524.0000    -0.0987     0.4335     0.0000
  170.0000   176.0000  1524.0000    -0.0000     0.0017     0.0000
    0.0000   198.0000  1524.0000    -1.4087     0.0000     0.0000
   17.0000   198.0000  1524.0000    -1.4054     0.0124     0.0000
   34.0000   198.0000  1524.0000    -1.3905     0.0360     0.0000
   51.0000   198.0000  1524.0000    -1.3468     0.0817     0.0000
   68.0000   198.0000  1524.0000    -1.2445     0.1509     0.0000
   85.0000   198.0000  1524.0000    -1.0606     0.2201     0.0000
  102.0000   198.0000  1524.0000    -0.8167     0.2555     0.0000
  119.0000   198.0000  1524.0000    -0.5630     0.2515     0.0000
  136.0000   198.0000  1524.0000    -0.3332     0.2285     0.0000
  153.0000   198.0000  1524.0000    -0.1321     0.2087     0.0000
  170.0000   198.0000  1524.0000    -0.0000     0.0008     0.0000
    0.0000   220.0000  1524.0000    -0.0056    -0.0000     0.0000
   17.0000   220.0000  1524.0000    -0.0056     0.0000     0.0000
   34.0000   220.0000  1524.0000    -0.0055     0.0000     0.0000
   51.0000   220.0000  1524.0000    -0.0053     0.0000     0.0000
   68.0000   220.0000  1524.0000    -0.0048     0.0000     0.0000
   85.0000   220.0000  1524.0000    -0.0041     0.0000     0.0000
  102.0000   220.0000  1524.0000    -0.0032     0.0000     0.0000
  119.0000   220.0000  1524.0000    -0.0023     0.0000     0.0000
  136.0000   220.0000  1524.0000    -0.0014     0.0000     0.0000
  153.0000   220.0000  1524.0000    -0.0006     0.0000     0.0000
  170.0000   220.0000  1524.0000    -0.0000     0.0000     0.0000
    0.0000     0.0000  1828.8000     0.0000     0.0000     0.0000
   17.0000     0.0000  1828.8000     0.0000     0.3249     0.0000
   34.0000     0.0000  1828.8000     0.0000     0.6486     0.0000
   51.0000     0.0000  1828.8000     0.0000     0.8679     0.0000
   68.0000     0.0000  1828.8000     0.0000     0.6727     0.0000
   85.0000     0.0000  1828.8000     0.0000     0.4305     0.0000
  102.0000     0.0000  1828.8000     0.0000     0.2557     0.0000
  119.0000     0.0000  1828.8000     0.0000     0.1357     0.0000
  136.0000     0.0000  1828.8000     0.0000     0.0425     0.0000
  153.0000     0.0000  1828.8000     0.0000    -1.9792     0.0000
  170.0000     0.0000  1828.8000     0.0000    -0.0080     0.0000
    0.0000    22.0000  1828.8000     0.4207     0.0000     0.0000
   17.0000    22.0000  1828.8000     0.4205     0.3249     0.0000
   34.0000    22.0000  1828.8000     0.3948     0.6674     0.0000
   51.0000    22.0000  1828.8000     0.4371     1.1462     0.0000
   68.0000    22.0000  1828.8000    -0.4148     0.5334     0.0000
   85.0000    22.0000  1828.8000    -0.1743     0.3290     0.0000
  102.0000    22.0000  1828.8000    -0.0897     0.2149     0.0000
  119.0000    22.0000  1828.8000    -0.0549     0.1221     0.0000
  136.0000    22.0000  1828.8000    -0.0460     0.0440     0.0000
  153.0000    22.0000  1828.8000    -0.0442    -2.0373     0.0000
  170.0000    22.0000  1828.8000    -0.0000     0.2258     0.0000
    0.0000    44.0000  1828.8000     0.8162     0.0000     0.0000
   17.0000    44.0000  1828.8000     0.9332     0.1226     0.0000
   34.0000    44.0000  1828.8000     0.8964     0.6809     0.0000
   51.0000    44.0000  1828.8000     0.8874     1.0097     0.0000
   68.0000    44.0000  1828.8000     0.9514     1.2527     0.0000
   85.0000    44.0000  1828.8000     1.0906     1.3737     0.0000
  102.0000    44.0000  1828.8000    -0.1060     0.1404     0.0000
  119.0000    44.0000  1828.8000    -0.0652     0.0883     0.0000
  136.0000    44.0000  1828.8000    -0.0463     0.0354     0.0000
  153.0000    44.0000  1828.8000    -0.0378    -2.1223     0.0000
  170.0000    44.0000  1828.8000     0.0000     0.3071     0.0000
    0.0000    66.0000  1828.8000     0.7040     0.0000     0.0000
   17.0000    66.0000  1828.8000     0.6491    -0.3560     0.0000
   34.0000    66.0000  1828.8000     1.3034     0.8173     0.0000
   51.0000    66.0000  1828.8000     1.1960     1.0357     0.0000
   68.0000    66.0000  1828.8000     1.1667     1.2001     0.0000
   85.0000    66.0000  1828.8000     1.1804     1.3088     0.0000
  102.0000    66.0000  1828.8000     1.2299     1.3653     0.0000
  119.0000    66.0000  1828.8000    -0.0426     0.0561     0.0000
  136.0000    66.0000  1828.8000    -0.0237     0.0195     0.0000
  153.0000    66.0000  1828.8000     0.0162    -2.2329     0.0000
  170.0000    66.0000  1828.8000     0.0000     0.3652     0.0000
    0.0000    88.0000  1828.8000     0.0000     0.0000     0.0000
   17.0000    88.0000  1828.8000     0.3425    -0.1321     0.0000
   34.0000    88.0000  1828.8000     0.2338    -0.1758     0.0000
   51.0000    88.0000  1828.8000     1.3923     1.1498     0.0000
   68.0000    88.0000  1828.8000     1.3114     1.2486     0.0000
   85.0000    88.0000  1828.8000     1.2567     1.3153     0.0000
  102.0000    88.0000  1828.8000     1.2312     1.3142     0.0000
  119.0000    88.0000  1828.8000     1.3233     1.2800     0.0000
  136.0000    88.0000  1828.8000     0.0294    -0.0027     0.0000
  153.0000    88.0000  1828.8000     0.6890    -1.0129     0.0000
  170.0000    88.0000  1828.8000     0.0000    -0.0044     0.0000
    0.0000   110.0000  1828.8000     0.0000     0.0000     0.0000
   17.0000   110.0000  1828.8000     0.1832    -0.0536     0.0000
   34.0000   110.0000  1828.8000     0.1433    -0.0808     0.0000
   51.0000   110.0000  1828.8000     0.1011    -0.0751     0.0000
   68.0000   110.0000  1828.8000     1.4778     1.2359     0.0000
   85.0000   110.0000  1828.8000     1.3121     1.4594     0.0000
  102.0000   110.0000  1828.8000     1.0756     1.4016     0.0000
  119.0000   110.0000  1828.8000     0.9631     1.0666     0.0000
  136.0000   110.0000  1828.8000     0.8821     0.4942     0.0000
  153.0000   110.0000  1828.8000     0.4062     0.0302     0.0000
  170.0000   110.0000  1828.8000     0.0000     0.6726     0.0000
    0.0000   132.0000  1828.8000     0.0566     0.0073     0.0000
   17.0000   132.0000  1828.8000     0.0632    -0.0361     0.0000
   34.0000   132.0000  1828.8000     0.0574    -0.0474     0.0000
   51.0000   132.0000  1828.8000     0.0426    -0.0409     0.0000
   68.0000   132.0000  1828.8000     0.0260    -0.0200     0.0000
   85.0000   132.0000  1828.8000     0.0089     0.0162     0.0000
  102.0000   132.0000  1828.8000     0.3957     1.9934     0.0000
  119.0000   132.0000  1828.8000     0.3161     1.1801     0.0000
  136.0000   132.0000  1828.8000     0.2787     0.7386     0.0000
  153.0000   132.0000  1828.8000     0.1401     0.4817     0.0000
  170.0000   132.0000  1828.8000     0.0000     0.5236     0.0000
    0.0000   154.0000  1828.8000    -1.4035     0.0000     0.0000
   17.0000   154.0000  1828.8000    -1.4301    -0.0324     0.0000
   34.0000   154.0000  1828.8000    -1.4991    -0.0324     0.0000
   51.0000   154.0000  1828.8000    -1.6219    -0.0065     0.0000
   68.0000   154.0000  1828.8000    -2.0718     0.1918     0.0000
   85.0000   154.0000  1828.8000    -1.4801     1.2921     0.0000
  102.0000   154.0000  1828.8000    -0.7089     1.2696     0.0000
  119.0000   154.0000  1828.8000    -0.2663     0.9695     0.0000
  136.0000   154.0000  1828.8000    -0.0832     0.7110     0.0000
  153.0000   154.0000  1828.8000    -0.0165     0.5623     0.0000
  170.0000   154.0000  1828.8000    -0.0000     0.0021     0.0000
    0.0000   176.0000  1828.8000    -1.4211     0.0000     0.0000
   17.0000   176.0000  1828.8000    -1.4292     0.0092     0.0000
   34.0000   176.0000  1828.8000    -1.4498     0.0420     0.0000
   51.0000   176.0000  1828.8000    -1.4726     0.1313     0.0000
   68.0000   176.0000  1828.8000    -1.4422     0.3277     0.0000
   85.0000   176.0000  1828.8000    -1.2021     0.5606     0.0000
  102.0000   176.0000  1828.8000    -0.8297     0.6420     0.0000
  119.0000   176.0000  1828.8000    -0.5024     0.5891     0.0000
  136.0000   176.0000  1828.8000    -0.2665     0.4983     0.0000
  153.0000   176.0000  1828.8000    -0.0987     0.4335     0.0000
  170.0000   176.0000  1828.8000    -0.0000     0.0017     0.0000
    0.0000   198.0000  1828.8000    -1.4087     0.0000     0.0000
   17.0000   198.0000  1828.8000    -1.4054     0.0124     0.0000
   34.0000   198.0000  1828.8000    -1.3905     0.0360     0.0000
   51.0000   198.0000  1828.8000    -1.3468     0.0817     0.0000
   68.0000   198.0000  1828.8000    -1.2445     0.1509     0.0000
   85.0000   198.0000  1828.8000    -1.0606     0.2201     0.0000
  102.0000   198.0000  1828.8000    -0.8167     0.2555     0.0000
  119.0000   198.0000  1828.8000    -0.5630     0.2515     0.0000
  136.0000   198.0000  1828.8000    -0.3332     0.2285     0.0000
  153.0000   198.0000  1828.8000    -0.1321     0.2087     0.0000
  170.0000   198.0000  1828.8000    -0.0000     0.0008     0.0000
    0.0000   220.0000  1828.8000    -0.0056    -0.0000     0.0000
   17.0000   220.0000  1828.8000    -0.0056     0.0000     0.0000
   34.0000   220.0000  1828.8000    -0.0055     0.0000     0.0000
   51.0000   220.0000  1828.8000    -0.0053     0.0000     0.0000
   68.0000   220.0000  1828.8000    -0.0048     0.0000     0.0000
   85.0000   220.0000  1828.8000    -0.0041     0.0000     0.0000
  102.0000   220.0000  1828.8000    -0.0032     0.0000     0.0000
  119.0000   220.0000  1828.8000    -0.0023     0.0000     0.0000
  136.0000   220.0000  1828.8000    -0.0014     0.0000     0.0000
  153.0000   220.0000  1828.8000    -0.0006     0.0000     0.0000
  170.0000   220.0000  1828.8000    -0.0000     0.0000     0.0000
    0.0000     0.0000  2133.6000     0.0000     0.0000     0.0000
   17.0000     0.0000  2133.6000     0.0000     0.3249     0.0000
   34.0000     0.0000  2133.6000     0.0000     0.6486     0.0000
   51.0000     0.0000  2133.6000     0.0000     0.8679     0.0000
   68.0000     0.0000  2133.6000     0.0000     0.6727     0.0000
   85.0000     0.0000  2133.6000     0.0000     0.4305     0.0000
  102.0000     0.0000  2133.6000     0.0000     0.2557     0.0000
  119.0000     0.0000  2133.6000     0.0000     0.1357     0.0000
  136.0000     0.0000  2133.6000     0.0000     0.0425     0.0000
  153.0000     0.0000  2133.6000     0.0000    -1.9792     0.0000
  170.0000     0.0000  2133.6000     0.0000    -0.0080     0.0000
    0.0000    22.0000  2133.6000     0.4207     0.0000     0.0000
   17.0000    22.0000  2133.6000     0.4205     0.3249     0.0000
   34.0000    22.0000  2133.6000     0.3948     0.6674     0.0000
   51.0000    22.0000  2133.6000     0.4371     1.1462     0.0000
   68.0000    22.0000  2133.6000    -0.4148     0.5334     0.0000
   85.0000    22.0000  2133.6000    -0.1743     0.3290     0.0000
  102.0000    22.0000  2133.6000    -0.0897     0.2149     0.0000
  119.0000    22.0000  2133.6000    -0.0549     0.1221     0.0000
  136.0000    22.0000  2133.6000    -0.0460     0.0440     0.0000
  153.0000    22.0000  2133.6000    -0.0442    -2.0373     0.0000
  170.0000    22.0000  2133.6000    -0.0000     0.2258     0.0000
    0.0000    44.0000  2133.6000     0.8162     0.0000     0.0000
   17.0000    44.0000  2133.6000     0.9332     0.1226     0.0000
   34.0000    44.0000  2133.6000     0.8964     0.6809     0.0000
   51.0000    44.0000  2133.6000     0.8874     1.0097     0.0000
   68.0000    44.0000  2133.6000     0.9514     1.2527     0.0000
   85.0000    44.0000  2133.6000     1.0906     1.3737     0.0000
  102.0000    44.0000  2133.6000    -0.1060     0.1404     0.0000
  119.0000    44.0000  2133.6000    -0.0652     0.0883     0.0000
  136.0000    44.0000  2133.6000    -0.0463     0.0354     0.0000
  153.0000    44.0000  2133.6000    -0.0378    -2.1223     0.0000
  170.0000    44.0000  2133.6000     0.0000     0.3071     0.0000
    0.0000    66.0000  2133.6000     0.7040     0.0000     0.0000
   17.0000    66.0000  2133.6000     0.6491    -0.3560     0.0000
   34.0000    66.0000  2133.6000     1.3034     0.8173     0.0000
   51.0000    66.0000  2133.6000     1.1960     1.0357     0.0000
   68.0000    66.0000  2133.6000     1.1667     1.2001     0.0000
   85.0000    66.0000  2133.6000     1.1804     1.3088     0.0000
  102.0000    66.0000  2133.6000     1.2299     1.3653     0.0000
  119.0000    66.0000  2133.6000    -0.0426     0.0561     0.0000
  136.0000    66.0000  2133.6000    -0.0237     0.0195     0.0000
  153.0000    66.0000  2133.6000     0.0162    -2.2329     0.0000
  170.0000    66.0000  2133.6000     0.0000     0.3652     0.0000
    0.0000    88.0000  2133.6000     0.0000     0.0000     0.0000
   17.0000    88.0000  2133.6000     0.3425    -0.1321     0.0000
   34.0000    88.0000  2133.6000     0.2338    -0.1758     0.0000
   51.0000    88.0000  2133.6000     1.3923     1.1498     0.0000
   68.0000    88.0000  2133.6000     1.3114     1.2486     0.0000
   85.0000    88.0000  2133.6000     1.2567     1.3153     0.0000
  102.0000    88.0000  2133.6000     1.2312     1.3142     0.0000
  119.0000    88.0000  2133.6000     1.3233     1.2800     0.0000
  136.0000    88.0000  2133.6000     0.0294    -0.0027     0.0000
  153.0000    88.0000  2133.6000     0.6890    -1.0129     0.0000
  170.0000    88.0000  2133.6000     0.0000    -0.0044     0.0000
    0.0000   110.0000  2133.6000     0.0000     0.0000     0.0000
   17.0000   110.0000  2133.6000     0.1832    -0.0536     0.0000
   34.0000   110.0000  2133.6000     0.1433    -0.0808     0.0000
   51.0000   110.0000  2133.6000     0.1011    -0.0751     0.0000
   68.0000   110.0000  2133.6000     1.4778     1.2359     0.0000
   85.0000   110.0000  2133.6000     1.3121     1.4594     0.0000
  102.0000   110.0000  2133.6000     1.0756     1.4016     0.0000
  119.0000   110.0000  2133.6000     0.9631     1.0666     0.0000
  136.0000   110.0000  2133.6000     0.8821     0.4942     0.0000
  153.0000   110.0000  2133.6000     0.4062     0.0302     0.0000
  170.0000   110.0000  2133.6000     0.0000     0.6726     0.0000
    0.0000   132.0000  2133.6000     0.0566     0.0073     0.0000
   17.0000   132.0000  2133.6000     0.0632    -0.0361     0.0000
   34.0000   132.0000  2133.6000     0.0574    -0.0474     0.0000
   51.0000   132.0000  2133.6000     0.0426    -0.0409     0.0000
   68.0000   132.0000  2133.6000     0.0260    -0.0200     0.0000
   85.0000   132.0000  2133.6000     0.0089     0.0162     0.0000
  102.0000   132.0000  2133.6000     0.3957     1.9934     0.0000
  119.0000   132.0000  2133.6000     0.3161     1.1801     0.0000
  136.0000   132.0000  2133.6000     0.2787     0.7386     0.0000
  153.0000   132.0000  2133.6000     0.1401     0.4817     0.0000
  170.0000   132.0000  2133.6000     0.0000     0.5236     0.0000
    0.0000   154.0000  2133.6000    -1.4035     0.0000     0.0000
   17.0000   154.0000  2133.6000    -1.4301    -0.0324     0.0000
   34.0000   154.0000  2133.6000    -1.4991    -0.0324     0.0000
   51.0000   154.0000  2133.6000    -1.6219    -0.0065     0.0000
   68.0000   154.0000  2133.6000    -2.0718     0.1918     0.0000
   85.0000   154.0000  2133.6000    -1.4801     1.2921     0.0000
  102.0000   154.0000  2133.6000    -0.7089     1.2696     0.0000
  119.0000   154.0000  2133.6000    -0.2663     0.9695     0.0000
  136.0000   154.0000  2133.6000    -0.0832     0.7110     0.0000
  153.0000   154.0000  2133.6000    -0.0165     0.5623     0.0000
  170.0000   154.0000  2133.6000    -0.0000     0.0021     0.0000
    0.0000   176.0000  2133.6000    -1.4211     0.0000     0.0000
   17.0000   176.0000  2133.6000    -1.4292     0.0092     0.0000
   34.0000   176.0000  2133.6000    -1.4498     0.0420     0.0000
   51.0000   176.0000  2133.6000    -1.4726     0.1313     0.0000
   68.0000   176.0000  2133.6000    -1.4422     0.3277     0.0000
   85.0000   176.0000  2133.6000    -1.2021     0.5606     0.0000
  102.0000   176.0000  2133.6000    -0.8297     0.6420     0.0000
  119.0000   176.0000  2133.6000    -0.5024     0.5891     0.0000
  136.0000   176.0000  2133.6000    -0.2665     0.4983     0.0000
  153.0000   176.0000  2133.6000    -0.0987     0.4335     0.0000
  170.0000   176.0000  2133.6000    -0.0000     0.0017     0.0000
    0.0000   198.0000  2133.6000    -1.4087     0.0000     0.0000
   17.0000   198.0000  2133.6000    -1.4054     0.0124     0.0000
   34.0000   198.0000  2133.6000    -1.3905     0.0360     0.0000
   51.0000   198.0000  2133.6000    -1.3468     0.0817     0.0000
   68.0000   198.0000  2133.6000    -1.2445     0.1509     0.0000
   85.0000   198.0000  2133.6000    -1.0606     0.2201     0.0000
  102.0000   198.0000  2133.6000    -0.8167     0.2555     0.0000
  119.0000   198.0000  2133.6000    -0.5630     0.2515     0.0000
  136.0000   198.0000  2133.6000    -0.3332     0.2285     0.0000
  153.0000   198.0000  2133.6000    -0.1321     0.2087     0.0000
  170.0000   198.0000  2133.6000    -0.0000     0.0008     0.0000
    0.0000   220.0000  2133.6000    -0.0056    -0.0000     0.0000
   17.0000   220.0000  2133.6000    -0.0056     0.0000     0.0000
   34.0000   220.0000  2133.6000    -0.0055     0.0000     0.0000
   51.0000   220.0000  2133.6000    -0.0053     0.0000     0.0000
   68.0000   220.0000  2133.6000    -0.0048     0.0000     0.0000
   85.0000   220.0000  2133.6000    -0.0041     0.0000     0.0000
  102.0000   220.0000  2133.6000    -0.0032     0.0000     0.0000
  119.0000   220.0000  2133.6000    -0.0023     0.0000     0.0000
  136.0000   220.0000  2133.6000    -0.0014     0.0000     0.0000
  153.0000   220.0000  2133.6000    -0.0006     0.0000     0.0000
  170.0000   220.0000  2133.6000    -0.0000     0.0000     0.0000
    0.0000     0.0000  2438.4000     0.0000     0.0000     0.0000
   17.0000     0.0000  2438.4000     0.0000     0.3249     0.0000
   34.0000     0.0000  2438.4000     0.0000     0.6486     0.0000
   51.0000     0.0000  2438.4000     0.0000     0.8679     0.0000
   68.0000     0.0000  2438.4000     0.0000     0.6727     0.0000
   85.0000     0.0000  2438.4000     0.0000     0.4305     0.0000
  102.0000     0.0000  2438.4000     0.0000     0.2557     0.0000
  119.0000     0.0000  2438.4000     0.0000     0.1357     0.0000
  136.0000     0.0000  2438.4000     0.0000     0.0425     0.0000
  153.0000     0.0000  2438.4000     0.0000    -1.9792     0.0000
  170.0000     0.0000  2438.4000     0.0000    -0.0080     0.0000
    0.0000    22.0000  2438.4000     0.4207     0.0000     0.0000
   17.0000    22.0000  2438.4000     0.4205     0.3249     0.0000
   34.0000    22.0000  2438.4000     0.3948     0.6674     0.0000
   51.0000    22.0000  2438.4000     0.4371     1.1462     0.0000
   68.0000    22.0000  2438.4000    -0.4148     0.5334     0.0000
   85.0000    22.0000  2438.4000    -0.1743     0.3290     0.0000
  102.0000    22.0000  2438.4000    -0.0897     0.2149     0.0000
  119.0000    22.0000  2438.4000    -0.0549     0.1221     0.0000
  136.0000    22.0000  2438.4000    -0.0460     0.0440     0.0000
  153.0000    22.0000  2438.4000    -0.0442    -2.0373     0.0000
  170.0000    22.0000  2438.4000    -0.0000     0.2258     0.0000
    0.0000    44.0000  2438.4000     0.8162     0.0000     0.0000
   17.0000    44.0000  2438.4000     0.9332     0.1226     0.0000
   34.0000    44.0000  2438.4000     0.8964     0.6809     0.0000
   51.0000    44.0000  2438.4000     0.8874     1.0097     0.0000
   68.0000    44.0000  2438.4000     0.9514     1.2527     0.0000
   85.0000    44.0000  2438.4000     1.0906     1.3737     0.0000
  102.0000    44.0000  2438.4000    -0.1060     0.1404     0.0000
  119.0000    44.0000  2438.4000    -0.0652     0.0883     0.0000
  136.0000    44.0000  2438.4000    -0.0463     0.0354     0.0000
  153.0000    44.0000  2438.4000    -0.0378    -2.1223     0.0000
  170.0000    44.0000  2438.4000     0.0000     0.3071     0.0000
    0.0000    66.0000  2438.4000     0.7040     0.0000     0.0000
   17.0000    66.0000  2438.4000     0.6491    -0.3560     0.0000
   34.0000    66.0000  2438.4000     1.3034     0.8173     0.0000
   51.0000    66.0000  2438.4000     1.1960     1.0357     0.0000
   68.0000    66.0000  2438.4000     1.1667     1.2001     0.0000
   85.0000    66.0000  2438.4000     1.1804     1.3088     0.0000
  102.0000    66.0000  2438.4000     1.2299     1.3653     0.0000
  119.0000    66.0000  2438.4000    -0.0426     0.0561     0.0000
  136.0000    66.0000  2438.4000    -0.0237     0.0195     0.0000
  153.0000    66.0000  2438.4000     0.0162    -2.2329     0.0000
  170.0000    66.0000  2438.4000     0.0000     0.3652     0.0000
    0.0000    88.0000  2438.4000     0.0000     0.0000     0.0000
   17.0000    88.0000  2438.4000     0.3425    -0.1321     0.0000
   34.0000    88.0000  2438.4000     0.2338    -0.1758     0.0000
   51.0000    88.0000  2438.4000     1.3923     1.1498     0.0000
   68.0000    88.0000  2438.4000     1.3114     1.2486     0.0000
   85.0000    88.0000  2438.4000     1.2567     1.3153     0.0000
  102.0000    88.0000  2438.4000     1.2312     1.3142     0.0000
  119.0000    88.0000  2438.4000     1.3233     1.2800     0.0000
  136.0000    88.0000  2438.4000     0.0294    -0.0027     0.0000
  153.0000    88.0000  2438.4000     0.6890    -1.0129     0.0000
  170.0000    88.0000  2438.4000     0.0000    -0.0044     0.0000
    0.0000   110.0000  2438.4000     0.0000     0.0000     0.0000
   17.0000   110.0000  2438.4000     0.1832    -0.0536     0.0000
   34.0000   110.0000  2438.4000     0.1433    -0.0808     0.0000
   51.0000   110.0000  2438.4000     0.1011    -0.0751     0.0000
   68.0000   110.0000  2438.4000     1.4778     1.2359     0.0000
   85.0000   110.0000  2438.4000     1.3121     1.4594     0.0000
  102.0000   110.0000  2438.4000     1.0756     1.4016     0.0000
  119.0000   110.0000  2438.4000     0.9631     1.0666     0.0000
  136.0000   110.0000  2438.4000     0.8821     0.4942     0.0000
  153.0000   110.0000  2438.4000     0.4062     0.0302     0.0000
  170.0000   110.0000  2438.4000     0.0000     0.6726     0.0000
    0.0000   132.0000  2438.4000     0.0566     0.0073     0.0000
   17.0000   132.0000  2438.4000     0.0632    -0.0361     0.0000
   34.0000   132.0000  2438.4000     0.0574    -0.0474     0.0000
   51.0000   132.0000  2438.4000     0.0426    -0.0409     0.0000
   68.0000   132.0000  2438.4000     0.0260    -0.0200     0.0000
   85.0000   132.0000  2438.4000     0.0089     0.0162     0.0000
  102.0000   132.0000  2438.4000     0.3957     1.9934     0.0000
  119.0000   132.0000  2438.4000     0.3161     1.1801     0.0000
  136.0000   132.0000  2438.4000     0.2787     0.7386     0.0000
  153.0000   132.0000  2438.4000     0.1401     0.4817     0.0000
  170.0000   132.0000  2438.4000     0.0000     0.5236     0.0000
    0.0000   154.0000  2438.4000    -1.4035     0.0000     0.0000
   17.0000   154.0000  2438.4000    -1.4301    -0.0324     0.0000
   34.0000   154.0000  2438.4000    -1.4991    -0.0324     0.0000
   51.0000   154.0000  2438.4000    -1.6219    -0.0065     0.0000
   68.0000   154.0000  2438.4000    -2.0718     0.1918     0.0000
   85.0000   154.0000  2438.4000    -1.4801     1.2921     0.0000
  102.0000   154.0000  2438.4000    -0.7089     1.2696     0.0000
  119.0000   154.0000  2438.4000    -0.2663     0.9695     0.0000
  136.0000   154.0000  2438.4000    -0.0832     0.7110     0.0000
  153.0000   154.0000  2438.4000    -0.0165     0.5623     0.0000
  170.0000   154.0000  2438.4000    -0.0000     0.0021     0.0000
    0.0000   176.0000  2438.4000    -1.4211     0.0000     0.0000
   17.0000   176.0000  2438.4000    -1.4292     0.0092     0.0000
   34.0000   176.0000  2438.4000    -1.4498     0.0420     0.0000
   51.0000   176.0000  2438.4000    -1.4726     0.1313     0.0000
   68.0000   176.0000  2438.4000    -1.4422     0.3277     0.0000
   85.0000   176.0000  2438.4000    -1.2021     0.5606     0.0000
  102.0000   176.0000  2438.4000    -0.8297     0.6420     0.0000
  119.0000   176.0000  2438.4000    -0.5024     0.5891     0.0000
  136.0000   176.0000  2438.4000    -0.2665     0.4983     0.0000
  153.0000   176.0000  2438.4000    -0.0987     0.4335     0.0000
  170.0000   176.0000  2438.4000    -0.0000     0.0017     0.0000
    0.0000   198.0000  2438.4000    -1.4087     0.0000     0.0000
   17.0000   198.0000  2438.4000    -1.4054     0.0124     0.0000
   34.0000   198.0000  2438.4000    -1.3905     0.0360     0.0000
   51.0000   198.0000  2438.4000    -1.3468     0.0817     0.0000
   68.0000   198.0000  2438.4000    -1.2445     0.1509     0.0000
   85.0000   198.0000  2438.4000    -1.0606     0.2201     0.0000
  102.0000   198.0000  2438.4000    -0.8167     0.2555     0.0000
  119.0000   198.0000  2438.4000    -0.5630     0.2515     0.0000
  136.0000   198.0000  2438.4000    -0.3332     0.2285     0.0000
  153.0000   198.0000  2438.4000    -0.1321     0.2087     0.0000
  170.0000   198.0000  2438.4000    -0.0000     0.0008     0.0000
    0.0000   220.0000  2438.4000    -0.0056    -0.0000     0.0000
   17.0000   220.0000  2438.4000    -0.0056     0.0000     0.0000
   34.0000   220.0000  2438.4000    -0.0055     0.0000     0.0000
   51.0000   220.0000  2438.4000    -0.0053     0.0000     0.0000
   68.0000   220.0000  2438.4000    -0.0048     0.0000     0.0000
   85.0000   220.0000  2438.4000    -0.0041     0.0000     0.0000
  102.0000   220.0000  2438.4000    -0.0032     0.0000     0.0000
  119.0000   220.0000  2438.4000    -0.0023     0.0000     0.0000
  136.0000   220.0000  2438.4000    -0.0014     0.0000     0.0000
  153.0000   220.0000  2438.4000    -0.0006     0.0000     0.0000
  170.0000   220.0000  2438.4000    -0.0000     0.0000     0.0000
    0.0000     0.0000  2743.2000     0.0000     0.0000     0.0000
   17.0000     0.0000  2743.2000     0.0000     0.3249     0.0000
   34.0000     0.0000  2743.2000     0.0000     0.6486     0.0000
   51.0000     0.0000  2743.2000     0.0000     0.8679     0.0000
   68.0000     0.0000  2743.2000     0.0000     0.6727     0.0000
   85.0000     0.0000  2743.2000     0.0000     0.4305     0.0000
  102.0000     0.0000  2743.2000     0.0000     0.2557     0.0000
  119.0000     0.0000  2743.2000     0.0000     0.1357     0.0000
  136.0000     0.0000  2743.2000     0.0000     0.0425     0.0000
  153.0000     0.0000  2743.2000     0.0000    -1.9792     0.0000
  170.0000     0.0000  2743.2000     0.0000    -0.0080     0.0000
    0.0000    22.0000  2743.2000     0.4207     0.0000     0.0000
   17.0000    22.0000  2743.2000     0.4205     0.3249     0.0000
   34.0000    22.0000  2743.2000     0.3948     0.6674     0.0000
   51.0000    22.0000  2743.2000     0.4371     1.1462     0.0000
   68.0000    22.0000  2743.2000    -0.4148     0.5334     0.0000
   85.0000    22.0000  2743.2000    -0.1743     0.3290     0.0000
  102.0000    22.0000  2743.2000    -0.0897     0.2149     0.0000
  119.0000    22.0000  2743.2000    -0.0549     0.1221     0.0000
  136.0000    22.0000  2743.2000    -0.0460     0.0440     0.0000
  153.0000    22.0000  2743.2000    -0.0442    -2.0373     0.0000
  170.0000    22.0000  2743.2000    -0.0000     0.2258     0.0000
    0.0000    44.0000  2743.2000     0.8162     0.0000     0.0000
   17.0000    44.0000  2743.2000     0.9332     0.1226     0.0000
   34.0000    44.0000  2743.2000     0.8964     0.6809     0.0000
   51.0000    44.0000  2743.2000     0.8874     1.0097     0.0000
   68.0000    44.0000  2743.2000     0.9514     1.2527     0.0000
   85.0000    44.0000  2743.2000     1.0906     1.3737     0.0000
  102.0000    44.0000  2743.2000    -0.1060     0.1404     0.0000
  119.0000    44.0000  2743.2000    -0.0652     0.0883     0.0000
  136.0000    44.0000  2743.2000    -0.0463     0.0354     0.0000
  153.0000    44.0000  2743.2000    -0.0378    -2.1223     0.0000
  170.0000    44.0000  2743.2000     0.0000     0.3071     0.0000
    0.0000    66.0000  2743.2000     0.7040     0.0000     0.0000
   17.0000    66.0000  2743.2000     0.6491    -0.3560     0.0000
   34.0000    66.0000  2743.2000     1.3034     0.8173     0.0000
   51.0000    66.0000  2743.2000     1.1960     1.0357     0.0000
   68.0000    66.0000  2743.2000     1.1667     1.2001     0.0000
   85.0000    66.0000  2743.2000     1.1804     1.3088     0.0000
  102.0000    66.0000  2743.2000     1.2299     1.3653     0.0000
  119.0000    66.0000  2743.2000    -0.0426     0.0561     0.0000
  136.0000    66.0000  2743.2000    -0.0237     0.0195     0.0000
  153.0000    66.0000  2743.2000     0.0162    -2.2329     0.0000
  170.0000    66.0000  2743.2000     0.0000     0.3652     0.0000
    0.0000    88.0000  2743.2000     0.0000     0.0000     0.0000
   17.0000    88.0000  2743.2000     0.3425    -0.1321     0.0000
   34.0000    88.0000  2743.2000     0.2338    -0.1758     0.0000
   51.0000    88.0000  2743.2000     1.3923     1.1498     0.0000
   68.0000    88.0000  2743.2000     1.3114     1.2486     0.0000
   85.0000    88.0000  2743.2000     1.2567     1.3153     0.0000
  102.0000    88.0000  2743.2000     1.2312     1.3142     0.0000
  119.0000    88.0000  2743.2000     1.3233     1.2800     0.0000
  136.0000    88.0000  2743.2000     0.0294    -0.0027     0.0000
  153.0000    88.0000  2743.2000     0.6890    -1.0129     0.0000
  170.0000    88.0000  2743.2000     0.0000    -0.0044     0.0000
    0.0000   110.0000  2743.2000     0.0000     0.0000     0.0000
   17.0000   110.0000  2743.2000     0.1832    -0.0536     0.0000
   34.0000   110.0000  2743.2000     0.1433    -0.0808     0.0000
   51.0000   110.0000  2743.2000     0.1011    -0.0751     0.0000
   68.0000   110.0000  2743.2000     1.4778     1.2359     0.0000
   85.0000   110.0000  2743.2000     1.3121     1.4594     0.0000
  102.0000   110.0000  2743.2000     1.0756     1.4016     0.0000
  119.0000   110.0000  2743.2000     0.9631     1.0666     0.0000
  136.0000   110.0000  2743.2000     0.8821     0.4942     0.0000
  153.0000   110.0000  2743.2000     0.4062     0.0302     0.0000
  170.0000   110.0000  2743.2000     0.0000     0.6726     0.0000
    0.0000   132.0000  2743.2000     0.0566     0.0073     0.0000
   17.0000   132.0000  2743.2000     0.0632    -0.0361     0.0000
   34.0000   132.0000  2743.2000     0.0574    -0.0474     0.0000
   51.0000   132.0000  2743.2000     0.0426    -0.0409     0.0000
   68.0000   132.0000  2743.2000     0.0260    -0.0200     0.0000
   85.0000   132.0000  2743.2000     0.0089     0.0162     0.0000
  102.0000   132.0000  2743.2000     0.3957     1.9934     0.0000
  119.0000   132.0000  2743.2000     0.3161     1.1801     0.0000
  136.0000   132.0000  2743.2000     0.2787     0.7386     0.0000
  153.0000   132.0000  2743.2000     0.1401     0.4817     0.0000
  170.0000   132.0000  2743.2000     0.0000     0.5236     0.0000
    0.0000   154.0000  2743.2000    -1.4035     0.0000     0.0000
   17.0000   154.0000  2743.2000    -1.4301    -0.0324     0.0000
   34.0000   154.0000  2743.2000    -1.4991    -0.0324     0.0000
   51.0000   154.0000  2743.2000    -1.6219    -0.0065     0.0000
   68.0000   154.0000  2743.2000    -2.0718     0.1918     0.0000
   85.0000   154.0000  2743.2000    -1.4801     1.2921     0.0000
  102.0000   154.0000  2743.2000    -0.7089     1.2696     0.0000
  119.0000   154.0000  2743.2000    -0.2663     0.9695     0.0000
  136.0000   154.0000  2743.2000    -0.0832     0.7110     0.0000
  153.0000   154.0000  2743.2000    -0.0165     0.5623     0.0000
  170.0000   154.0000  2743.2000    -0.0000     0.0021     0.0000
    0.0000   176.0000  2743.2000    -1.4211     0.0000     0.0000
   17.0000   176.0000  2743.2000    -1.4292     0.0092     0.0000
   34.0000   176.0000  2743.2000    -1.4498     0.0420     0.0000
   51.0000   176.0000  2743.2000    -1.4726     0.1313     0.0000
   68.0000   176.0000  2743.2000    -1.4422     0.3277     0.0000
   85.0000   176.0000  2743.2000    -1.2021     0.5606     0.0000
  102.0000   176.0000  2743.2000    -0.8297     0.6420     0.0000
  119.0000   176.0000  2743.2000    -0.5024     0.5891     0.0000
  136.0000   176.0000  2743.2000    -0.2665     0.4983     0.0000
  153.0000   176.0000  2743.2000    -0.0987     0.4335     0.0000
  170.0000   176.0000  2743.2000    -0.0000     0.0017     0.0000
    0.0000   198.0000  2743.2000    -1.4087     0.0000     0.0000
   17.0000   198.0000  2743.2000    -1.4054     0.0124     0.0000
   34.0000   198.0000  2743.2000    -1.3905     0.0360     0.0000
   51.0000   198.0000  2743.2000    -1.3468     0.0817     0.0000
   68.0000   198.0000  2743.2000    -1.2445     0.1509     0.0000
   85.0000   198.0000  2743.2000    -1.0606     0.2201     0.0000
  102.0000   198.0000  2743.2000    -0.8167     0.2555     0.0000
  119.0000   198.0000  2743.2000    -0.5630     0.2515     0.0000
  136.0000   198.0000  2743.2000    -0.3332     0.2285     0.0000
  153.0000   198.0000  2743.2000    -0.1321     0.2087     0.0000
  170.0000   198.0000  2743.2000    -0.0000     0.0008     0.0000
    0.0000   220.0000  2743.2000    -0.0056    -0.0000     0.0000
   17.0000   220.0000  2743.2000    -0.0056     0.0000     0.0000
   34.0000   220.0000  2743.2000    -0.0055     0.0000     0.0000
   51.0000   220.0000  2743.2000    -0.0053     0.0000     0.0000
   68.0000   220.0000  2743.2000    -0.0048     0.0000     0.0000
   85.0000   220.0000  2743.2000    -0.0041     0.0000     0.0000
  102.0000   220.0000  2743.2000    -0.0032     0.0000     0.0000
  119.0000   220.0000  2743.2000    -0.0023     0.0000     0.0000
  136.0000   220.0000  2743.2000    -0.0014     0.0000     0.0000
  153.0000   220.0000  2743.2000    -0.0006     0.0000     0.0000
  170.0000   220.0000  2743.2000    -0.0000     0.0000     0.0000
    0.0000     0.0000  3048.0000     0.0000     0.0000     0.0000
   17.0000     0.0000  3048.0000     0.0000     0.3249     0.0000
   34.0000     0.0000  3048.0000     0.0000     0.6486     0.0000
   51.0000     0.0000  3048.0000     0.0000     0.8679     0.0000
   68.0000     0.0000  3048.0000     0.0000     0.6727     0.0000
   85.0000     0.0000  3048.0000     0.0000     0.4305     0.0000
  102.0000     0.0000  3048.0000     0.0000     0.2557     0.0000
  119.0000     0.0000  3048.0000     0.0000     0.1357     0.0000
  136.0000     0.0000  3048.0000     0.0000     0.0425     0.0000
  153.0000     0.0000  3048.0000     0.0000    -1.9792     0.0000
  170.0000     0.0000  3048.0000     0.0000    -0.0080     0.0000
    0.0000    22.0000  3048.0000     0.4207     0.0000     0.0000
   17.0000    22.0000  3048.0000     0.4205     0.3249     0.0000
   34.0000    22.0000  3048.0000     0.3948     0.6674     0.0000
   51.0000    22.0000  3048.0000     0.4371     1.1462     0.0000
   68.0000    22.0000  3048.0000    -0.4148     0.5334     0.0000
   85.0000    22.0000  3048.0000    -0.1743     0.3290     0.0000
  102.0000    22.0000  3048.0000    -0.0897     0.2149     0.0000
  119.0000    22.0000  3048.0000    -0.0549     0.1221     0.0000
  136.0000    22.0000  3048.0000    -0.0460     0.0440     0.0000
  153.0000    22.0000  3048.0000    -0.0442    -2.0373     0.0000
  170.0000    22.0000  3048.0000    -0.0000     0.2258     0.0000
    0.0000    44.0000  3048.0000     0.8162     0.0000     0.0000
   17.0000    44.0000  3048.0000     0.9332     0.1226     0.0000
   34.0000    44.0000  3048.0000     0.8964     0.6809     0.0000
   51.0000    44.0000  3048.0000     0.8874     1.0097     0.0000
   68.0000    44.0000  3048.0000     0.9514     1.2527     0.0000
   85.0000    44.0000  3048.0000     1.0906     1.3737     0.0000
  102.0000    44.0000  3048.0000    -0.1060     0.1404     0.0000
  119.0000    44.0000  3048.0000    -0.0652     0.0883     0.0000
  136.0000    44.0000  3048.0000    -0.0463     0.0354     0.0000
  153.0000    44.0000  3048.0000    -0.0378    -2.1223     0.0000
  170.0000    44.0000  3048.0000     0.0000     0.3071     0.0000
    0.0000    66.0000  3048.0000     0.7040     0.0000     0.0000
   17.0000    66.0000  3048.0000     0.6491    -0.3560     0.0000
   34.0000    66.0000  3048.0000     1.3034     0.8173     0.0000
   51.0000    66.0000  3048.0000     1.1960     1.0357     0.0000
   68.0000    66.0000  3048.0000     1.1667     1.2001     0.0000
   85.0000    66.0000  3048.0000     1.1804     1.3088     0.0000
  102.0000    66.0000  3048.0000     1.2299     1.3653     0.0000
  119.0000    66.0000  3048.0000    -0.0426     0.0561     0.0000
  136.0000    66.0000  3048.0000    -0.0237     0.0195     0.0000
  153.0000    66.0000  3048.0000     0.0162    -2.2329     0.0000
  170.0000    66.0000  3048.0000     0.0000     0.3652     0.0000
    0.0000    88.0000  3048.0000     0.0000     0.0000     0.0000
   17.0000    88.0000  3048.0000     0.3425    -0.1321     0.0000
   34.0000    88.0000  3048.0000     0.2338    -0.1758     0.0000
   51.0000    88.0000  3048.0000     1.3923     1.1498     0.0000
   68.0000    88.0000  3048.0000     1.3114     1.2486     0.0000
   85.0000    88.0000  3048.0000     1.2567     1.3153     0.0000
  102.0000    88.0000  3048.0000     1.2312     1.3142     0.0000
  119.0000    88.0000  3048.0000     1.3233     1.2800     0.0000
  136.0000    88.0000  3048.0000     0.0294    -0.0027     0.0000
  153.0000    88.0000  3048.0000     0.6890    -1.0129     0.0000
  170.0000    88.0000  3048.0000     0.0000    -0.0044     0.0000
    0.0000   110.0000  3048.0000     0.0000     0.0000     0.0000
   17.0000   110.0000  3048.0000     0.1832    -0.0536     0.0000
   34.0000   110.0000  3048.0000     0.1433    -0.0808     0.0000
   51.0000   110.0000  3048.0000     0.1011    -0.0751     0.0000
   68.0000   110.0000  3048.0000     1.4778     1.2359     0.0000
   85.0000   110.0000  3048.0000     1.3121     1.4594     0.0000
  102.0000   110.0000  3048.0000     1.0756     1.4016     0.0000
  119.0000   110.0000  3048.0000     0.9631     1.0666     0.0000
  136.0000   110.0000  3048.0000     0.8821     0.4942     0.0000
  153.0000   110.0000  3048.0000     0.4062     0.0302     0.0000
  170.0000   110.0000  3048.0000     0.0000     0.6726     0.0000
    0.0000   132.0000  3048.0000     0.0566     0.0073     0.0000
   17.0000   132.0000  3048.0000     0.0632    -0.0361     0.0000
   34.0000   132.0000  3048.0000     0.0574    -0.0474     0.0000
   51.0000   132.0000  3048.0000     0.0426    -0.0409     0.0000
   68.0000   132.0000  3048.0000     0.0260    -0.0200     0.0000
   85.0000   132.0000  3048.0000     0.0089     0.0162     0.0000
  102.0000   132.0000  3048.0000     0.3957     1.9934     0.0000
  119.0000   132.0000  3048.0000     0.3161     1.1801     0.0000
  136.0000   132.0000  3048.0000     0.2787     0.7386     0.0000
  153.0000   132.0000  3048.0000     0.1401     0.4817     0.0000
  170.0000   132.0000  3048.0000     0.0000     0.5236     0.0000
    0.0000   154.0000  3048.0000    -1.4035     0.0000     0.0000
   17.0000   154.0000  3048.0000    -1.4301    -0.0324     0.0000
   34.0000   154.0000  3048.0000    -1.4991    -0.0324     0.0000
   51.0000   154.0000  3048.0000    -1.6219    -0.0065     0.0000
   68.0000   154.0000  3048.0000    -2.0718     0.1918     0.0000
   85.0000   154.0000  3048.0000    -1.4801     1.2921     0.0000
  102.0000   154.0000  3048.0000    -0.7089     1.2696     0.0000
  119.0000   154.0000  3048.0000    -0.2663     0.9695     0.0000
  136.0000   154.0000  3048.0000    -0.0832     0.7110     0.0000
  153.0000   154.0000  3048.0000    -0.0165     0.5623     0.0000
  170.0000   154.0000  3048.0000    -0.0000     0.0021     0.0000
    0.0000   176.0000  3048.0000    -1.4211     0.0000     0.0000
   17.0000   176.0000  3048.0000    -1.4292     0.0092     0.0000
   34.0000   176.0000  3048.0000    -1.4498     0.0420     0.0000
   51.0000   176.0000  3048.0000    -1.4726     0.1313     0.0000
   68.0000   176.0000  3048.0000    -1.4422     0.3277     0.0000
   85.0000   176.0000  3048.0000    -1.2021     0.5606     0.0000
  102.0000   176.0000  3048.0000    -0.8297     0.6420     0.0000
  119.0000   176.0000  3048.0000    -0.5024     0.5891     0.0000
  136.0000   176.0000  3048.0000    -0.2665     0.4983     0.0000
  153.0000   176.0000  3048.0000    -0.0987     0.4335     0.0000
  170.0000   176.0000  3048.0000    -0.0000     0.0017     0.0000
    0.0000   198.0000  3048.0000    -1.4087     0.0000     0.0000
   17.0000   198.0000  3048.0000    -1.4054     0.0124     0.0000
   34.0000   198.0000  3048.0000    -1.3905     0.0360     0.0000
   51.0000   198.0000  3048.0000    -1.3468     0.0817     0.0000
   68.0000   198.0000  3048.0000    -1.2445     0.1509     0.0000
   85.0000   198.0000  3048.0000    -1.0606     0.2201     0.0000
  102.0000   198.0000  3048.0000    -0.8167     0.2555     0.0000
  119.0000   198.0000  3048.0000    -0.5630     0.2515     0.0000
  136.0000   198.0000  3048.0000    -0.3332     0.2285     0.0000
  153.0000   198.0000  3048.0000    -0.1321     0.2087     0.0000
  170.0000   198.0000  3048.0000    -0.0000     0.0008     0.0000
    0.0000   220.0000  3048.0000    -0.0056    -0.0000     0.0000
   17.0000   220.0000  3048.0000    -0.0056     0.0000     0.0000
   34.0000   220.0000  3048.0000    -0.0055     0.0000     0.0000
   51.0000   220.0000  3048.0000    -0.0053     0.0000     0.0000
   68.0000   220.0000  3048.0000    -0.0048     0.0000     0.0000
   85.0000   220.0000  3048.0000    -0.0041     0.0000     0.0000
  102.0000   220.0000  3048.0000    -0.0032     0.0000     0.0000
  119.0000   220.0000  3048.0000    -0.0023     0.0000     0.0000
  136.0000   220.0000  3048.0000    -0.0014     0.0000     0.0000
  153.0000   220.0000  3048.0000    -0.0006     0.0000     0.0000
  170.0000   220.0000  3048.0000    -0.0000     0.0000     0.0000
