# Using the "point-wise" input file format from pg 179 of G4BL user guide
#   x [mm]     y [mm]     z [mm]     Bx [T]     By [T]     Bz [T]     
param current=500.0 gradient=0.0
grid X0=0.0 Y0=0.0 Z0=0.0 nX=11 nY=11 nZ=11 dX=30.2000 dY=44.8000 dZ=304.8000 tolerance=0.0001
extendX flip=By
extendY
data
    0.0000     0.0000     0.0000     0.0000     0.0000     0.0000
   30.2000     0.0000     0.0000     0.0000     0.3336     0.0000
   60.4000     0.0000     0.0000     0.0000     0.6152     0.0000
   90.6000     0.0000     0.0000     0.0000     0.9656     0.0000
  120.8000     0.0000     0.0000     0.0000     0.8509     0.0000
  151.0000     0.0000     0.0000     0.0000     0.5188     0.0000
  181.2000     0.0000     0.0000     0.0000     0.3118     0.0000
  211.4000     0.0000     0.0000     0.0000     0.1656     0.0000
  241.6000     0.0000     0.0000     0.0000     0.0475     0.0000
  271.8000     0.0000     0.0000     0.0000    -1.9697     0.0000
  302.0000     0.0000     0.0000     0.0000    -0.0079     0.0000
    0.0000    44.8000     0.0000     0.6524     0.0000     0.0000
   30.2000    44.8000     0.0000     0.3931     0.4923     0.0000
   60.4000    44.8000     0.0000     0.6598     0.4184     0.0000
   90.6000    44.8000     0.0000     0.5424     0.9351     0.0000
  120.8000    44.8000     0.0000     0.9568     1.0857     0.0000
  151.0000    44.8000     0.0000     0.9470     1.0928     0.0000
  181.2000    44.8000     0.0000    -0.0983     0.2448     0.0000
  211.4000    44.8000     0.0000    -0.0430     0.1347     0.0000
  241.6000    44.8000     0.0000    -0.0193     0.0402     0.0000
  271.8000    44.8000     0.0000    -0.0046    -1.9855     0.0000
  302.0000    44.8000     0.0000     0.0000    -0.0079     0.0000
    0.0000    89.6000     0.0000     1.1671     0.0000     0.0000
   30.2000    89.6000     0.0000     1.2861     0.6233     0.0000
   60.4000    89.6000     0.0000     1.0515     0.8012     0.0000
   90.6000    89.6000     0.0000     0.9129     0.8991     0.0000
  120.8000    89.6000     0.0000     0.8993     0.9458     0.0000
  151.0000    89.6000     0.0000     0.9372     0.9213     0.0000
  181.2000    89.6000     0.0000     1.0138     0.8475     0.0000
  211.4000    89.6000     0.0000     1.1406     0.7770     0.0000
  241.6000    89.6000     0.0000     0.0040     0.0163     0.0000
  271.8000    89.6000     0.0000     0.3574    -2.0623     0.0000
  302.0000    89.6000     0.0000     0.0000    -0.0069     0.0000
    0.0000   134.4000     0.0000     0.6631     0.0000     0.0000
   30.2000   134.4000     0.0000     0.5764    -0.0985     0.0000
   60.4000   134.4000     0.0000     1.0433     1.0443     0.0000
   90.6000   134.4000     0.0000     0.9403     1.0288     0.0000
  120.8000   134.4000     0.0000     0.8546     0.9857     0.0000
  151.0000   134.4000     0.0000     0.8106     0.8940     0.0000
  181.2000   134.4000     0.0000     0.8106     0.7453     0.0000
  211.4000   134.4000     0.0000     0.8499     0.5120     0.0000
  241.6000   134.4000     0.0000     0.8464     0.1001     0.0000
  271.8000   134.4000     0.0000     0.4531    -0.3739     0.0000
  302.0000   134.4000     0.0000     0.0000    -0.0020     0.0000
    0.0000   179.2000     0.0000     0.3219     0.0000     0.0000
   30.2000   179.2000     0.0000     0.2895    -0.0782     0.0000
   60.4000   179.2000     0.0000     1.0495     1.2506     0.0000
   90.6000   179.2000     0.0000     0.8892     1.2272     0.0000
  120.8000   179.2000     0.0000     0.7128     1.1461     0.0000
  151.0000   179.2000     0.0000     0.5851     0.9840     0.0000
  181.2000   179.2000     0.0000     0.5157     0.7830     0.0000
  211.4000   179.2000     0.0000     0.4598     0.5654     0.0000
  241.6000   179.2000     0.0000     0.3582     0.3485     0.0000
  271.8000   179.2000     0.0000     0.1672     0.1892     0.0000
  302.0000   179.2000     0.0000     0.0000     0.0006     0.0000
    0.0000   224.0000     0.0000     0.1163     0.0000     0.0000
   30.2000   224.0000     0.0000     0.1059    -0.0230     0.0000
   60.4000   224.0000     0.0000     0.0800    -0.0286     0.0000
   90.6000   224.0000     0.0000     1.0280     1.6334     0.0000
  120.8000   224.0000     0.0000     0.3681     1.5210     0.0000
  151.0000   224.0000     0.0000     0.2109     1.1309     0.0000
  181.2000   224.0000     0.0000     0.1837     0.8515     0.0000
  211.4000   224.0000     0.0000     0.1675     0.6467     0.0000
  241.6000   224.0000     0.0000     0.1282     0.4975     0.0000
  271.8000   224.0000     0.0000     0.0581     0.4098     0.0000
  302.0000   224.0000     0.0000     0.0000     0.0015     0.0000
    0.0000   268.8000     0.0000    -1.2299     0.0000     0.0000
   30.2000   268.8000     0.0000    -1.2770     0.0195     0.0000
   60.4000   268.8000     0.0000    -1.4589     0.0922     0.0000
   90.6000   268.8000     0.0000    -2.1572     0.7404     0.0000
  120.8000   268.8000     0.0000    -0.6913     1.3955     0.0000
  151.0000   268.8000     0.0000    -0.3042     1.0121     0.0000
  181.2000   268.8000     0.0000    -0.1449     0.7783     0.0000
  211.4000   268.8000     0.0000    -0.0623     0.6208     0.0000
  241.6000   268.8000     0.0000    -0.0208     0.5158     0.0000
  271.8000   268.8000     0.0000    -0.0042     0.4586     0.0000
  302.0000   268.8000     0.0000     0.0000     0.0018     0.0000
    0.0000   313.6000     0.0000    -1.1379     0.0000     0.0000
   30.2000   313.6000     0.0000    -1.1446     0.1026     0.0000
   60.4000   313.6000     0.0000    -1.1463     0.2538     0.0000
   90.6000   313.6000     0.0000    -1.0575     0.4702     0.0000
  120.8000   313.6000     0.0000    -0.8012     0.6260     0.0000
  151.0000   313.6000     0.0000    -0.5320     0.6291     0.0000
  181.2000   313.6000     0.0000    -0.3393     0.5621     0.0000
  211.4000   313.6000     0.0000    -0.2077     0.4887     0.0000
  241.6000   313.6000     0.0000    -0.1143     0.4316     0.0000
  271.8000   313.6000     0.0000    -0.0426     0.3990     0.0000
  302.0000   313.6000     0.0000     0.0000     0.0016     0.0000
    0.0000   358.4000     0.0000    -1.0032     0.0000     0.0000
   30.2000   358.4000     0.0000    -0.9898     0.0815     0.0000
   60.4000   358.4000     0.0000    -0.9442     0.1701     0.0000
   90.6000   358.4000     0.0000    -0.8519     0.2584     0.0000
  120.8000   358.4000     0.0000    -0.7132     0.3227     0.0000
  151.0000   358.4000     0.0000    -0.5544     0.3466     0.0000
  181.2000   358.4000     0.0000    -0.4039     0.3378     0.0000
  211.4000   358.4000     0.0000    -0.2734     0.3146     0.0000
  241.6000   358.4000     0.0000    -0.1617     0.2913     0.0000
  271.8000   358.4000     0.0000    -0.0628     0.2767     0.0000
  302.0000   358.4000     0.0000     0.0000     0.0011     0.0000
    0.0000   403.2000     0.0000    -0.9165     0.0000     0.0000
   30.2000   403.2000     0.0000    -0.9003     0.0363     0.0000
   60.4000   403.2000     0.0000    -0.8527     0.0721     0.0000
   90.6000   403.2000     0.0000    -0.7733     0.1046     0.0000
  120.8000   403.2000     0.0000    -0.6670     0.1285     0.0000
  151.0000   403.2000     0.0000    -0.5445     0.1405     0.0000
  181.2000   403.2000     0.0000    -0.4178     0.1417     0.0000
  211.4000   403.2000     0.0000    -0.2953     0.1366     0.0000
  241.6000   403.2000     0.0000    -0.1801     0.1298     0.0000
  271.8000   403.2000     0.0000    -0.0711     0.1252     0.0000
  302.0000   403.2000     0.0000     0.0000     0.0005     0.0000
    0.0000   448.0000     0.0000    -0.0036     0.0000     0.0000
   30.2000   448.0000     0.0000    -0.0035     0.0000     0.0000
   60.4000   448.0000     0.0000    -0.0033     0.0000     0.0000
   90.6000   448.0000     0.0000    -0.0030     0.0000     0.0000
  120.8000   448.0000     0.0000    -0.0026     0.0000     0.0000
  151.0000   448.0000     0.0000    -0.0022     0.0000     0.0000
  181.2000   448.0000     0.0000    -0.0017     0.0000     0.0000
  211.4000   448.0000     0.0000    -0.0012     0.0000     0.0000
  241.6000   448.0000     0.0000    -0.0007     0.0000     0.0000
  271.8000   448.0000     0.0000    -0.0003     0.0000     0.0000
  302.0000   448.0000     0.0000     0.0000     0.0000     0.0000
    0.0000     0.0000   304.8000     0.0000     0.0000     0.0000
   30.2000     0.0000   304.8000     0.0000     0.3336     0.0000
   60.4000     0.0000   304.8000     0.0000     0.6152     0.0000
   90.6000     0.0000   304.8000     0.0000     0.9656     0.0000
  120.8000     0.0000   304.8000     0.0000     0.8509     0.0000
  151.0000     0.0000   304.8000     0.0000     0.5188     0.0000
  181.2000     0.0000   304.8000     0.0000     0.3118     0.0000
  211.4000     0.0000   304.8000     0.0000     0.1656     0.0000
  241.6000     0.0000   304.8000     0.0000     0.0475     0.0000
  271.8000     0.0000   304.8000     0.0000    -1.9697     0.0000
  302.0000     0.0000   304.8000     0.0000    -0.0079     0.0000
    0.0000    44.8000   304.8000     0.6524     0.0000     0.0000
   30.2000    44.8000   304.8000     0.3931     0.4923     0.0000
   60.4000    44.8000   304.8000     0.6598     0.4184     0.0000
   90.6000    44.8000   304.8000     0.5424     0.9351     0.0000
  120.8000    44.8000   304.8000     0.9568     1.0857     0.0000
  151.0000    44.8000   304.8000     0.9470     1.0928     0.0000
  181.2000    44.8000   304.8000    -0.0983     0.2448     0.0000
  211.4000    44.8000   304.8000    -0.0430     0.1347     0.0000
  241.6000    44.8000   304.8000    -0.0193     0.0402     0.0000
  271.8000    44.8000   304.8000    -0.0046    -1.9855     0.0000
  302.0000    44.8000   304.8000     0.0000    -0.0079     0.0000
    0.0000    89.6000   304.8000     1.1671     0.0000     0.0000
   30.2000    89.6000   304.8000     1.2861     0.6233     0.0000
   60.4000    89.6000   304.8000     1.0515     0.8012     0.0000
   90.6000    89.6000   304.8000     0.9129     0.8991     0.0000
  120.8000    89.6000   304.8000     0.8993     0.9458     0.0000
  151.0000    89.6000   304.8000     0.9372     0.9213     0.0000
  181.2000    89.6000   304.8000     1.0138     0.8475     0.0000
  211.4000    89.6000   304.8000     1.1406     0.7770     0.0000
  241.6000    89.6000   304.8000     0.0040     0.0163     0.0000
  271.8000    89.6000   304.8000     0.3574    -2.0623     0.0000
  302.0000    89.6000   304.8000     0.0000    -0.0069     0.0000
    0.0000   134.4000   304.8000     0.6631     0.0000     0.0000
   30.2000   134.4000   304.8000     0.5764    -0.0985     0.0000
   60.4000   134.4000   304.8000     1.0433     1.0443     0.0000
   90.6000   134.4000   304.8000     0.9403     1.0288     0.0000
  120.8000   134.4000   304.8000     0.8546     0.9857     0.0000
  151.0000   134.4000   304.8000     0.8106     0.8940     0.0000
  181.2000   134.4000   304.8000     0.8106     0.7453     0.0000
  211.4000   134.4000   304.8000     0.8499     0.5120     0.0000
  241.6000   134.4000   304.8000     0.8464     0.1001     0.0000
  271.8000   134.4000   304.8000     0.4531    -0.3739     0.0000
  302.0000   134.4000   304.8000     0.0000    -0.0020     0.0000
    0.0000   179.2000   304.8000     0.3219     0.0000     0.0000
   30.2000   179.2000   304.8000     0.2895    -0.0782     0.0000
   60.4000   179.2000   304.8000     1.0495     1.2506     0.0000
   90.6000   179.2000   304.8000     0.8892     1.2272     0.0000
  120.8000   179.2000   304.8000     0.7128     1.1461     0.0000
  151.0000   179.2000   304.8000     0.5851     0.9840     0.0000
  181.2000   179.2000   304.8000     0.5157     0.7830     0.0000
  211.4000   179.2000   304.8000     0.4598     0.5654     0.0000
  241.6000   179.2000   304.8000     0.3582     0.3485     0.0000
  271.8000   179.2000   304.8000     0.1672     0.1892     0.0000
  302.0000   179.2000   304.8000     0.0000     0.0006     0.0000
    0.0000   224.0000   304.8000     0.1163     0.0000     0.0000
   30.2000   224.0000   304.8000     0.1059    -0.0230     0.0000
   60.4000   224.0000   304.8000     0.0800    -0.0286     0.0000
   90.6000   224.0000   304.8000     1.0280     1.6334     0.0000
  120.8000   224.0000   304.8000     0.3681     1.5210     0.0000
  151.0000   224.0000   304.8000     0.2109     1.1309     0.0000
  181.2000   224.0000   304.8000     0.1837     0.8515     0.0000
  211.4000   224.0000   304.8000     0.1675     0.6467     0.0000
  241.6000   224.0000   304.8000     0.1282     0.4975     0.0000
  271.8000   224.0000   304.8000     0.0581     0.4098     0.0000
  302.0000   224.0000   304.8000     0.0000     0.0015     0.0000
    0.0000   268.8000   304.8000    -1.2299     0.0000     0.0000
   30.2000   268.8000   304.8000    -1.2770     0.0195     0.0000
   60.4000   268.8000   304.8000    -1.4589     0.0922     0.0000
   90.6000   268.8000   304.8000    -2.1572     0.7404     0.0000
  120.8000   268.8000   304.8000    -0.6913     1.3955     0.0000
  151.0000   268.8000   304.8000    -0.3042     1.0121     0.0000
  181.2000   268.8000   304.8000    -0.1449     0.7783     0.0000
  211.4000   268.8000   304.8000    -0.0623     0.6208     0.0000
  241.6000   268.8000   304.8000    -0.0208     0.5158     0.0000
  271.8000   268.8000   304.8000    -0.0042     0.4586     0.0000
  302.0000   268.8000   304.8000     0.0000     0.0018     0.0000
    0.0000   313.6000   304.8000    -1.1379     0.0000     0.0000
   30.2000   313.6000   304.8000    -1.1446     0.1026     0.0000
   60.4000   313.6000   304.8000    -1.1463     0.2538     0.0000
   90.6000   313.6000   304.8000    -1.0575     0.4702     0.0000
  120.8000   313.6000   304.8000    -0.8012     0.6260     0.0000
  151.0000   313.6000   304.8000    -0.5320     0.6291     0.0000
  181.2000   313.6000   304.8000    -0.3393     0.5621     0.0000
  211.4000   313.6000   304.8000    -0.2077     0.4887     0.0000
  241.6000   313.6000   304.8000    -0.1143     0.4316     0.0000
  271.8000   313.6000   304.8000    -0.0426     0.3990     0.0000
  302.0000   313.6000   304.8000     0.0000     0.0016     0.0000
    0.0000   358.4000   304.8000    -1.0032     0.0000     0.0000
   30.2000   358.4000   304.8000    -0.9898     0.0815     0.0000
   60.4000   358.4000   304.8000    -0.9442     0.1701     0.0000
   90.6000   358.4000   304.8000    -0.8519     0.2584     0.0000
  120.8000   358.4000   304.8000    -0.7132     0.3227     0.0000
  151.0000   358.4000   304.8000    -0.5544     0.3466     0.0000
  181.2000   358.4000   304.8000    -0.4039     0.3378     0.0000
  211.4000   358.4000   304.8000    -0.2734     0.3146     0.0000
  241.6000   358.4000   304.8000    -0.1617     0.2913     0.0000
  271.8000   358.4000   304.8000    -0.0628     0.2767     0.0000
  302.0000   358.4000   304.8000     0.0000     0.0011     0.0000
    0.0000   403.2000   304.8000    -0.9165     0.0000     0.0000
   30.2000   403.2000   304.8000    -0.9003     0.0363     0.0000
   60.4000   403.2000   304.8000    -0.8527     0.0721     0.0000
   90.6000   403.2000   304.8000    -0.7733     0.1046     0.0000
  120.8000   403.2000   304.8000    -0.6670     0.1285     0.0000
  151.0000   403.2000   304.8000    -0.5445     0.1405     0.0000
  181.2000   403.2000   304.8000    -0.4178     0.1417     0.0000
  211.4000   403.2000   304.8000    -0.2953     0.1366     0.0000
  241.6000   403.2000   304.8000    -0.1801     0.1298     0.0000
  271.8000   403.2000   304.8000    -0.0711     0.1252     0.0000
  302.0000   403.2000   304.8000     0.0000     0.0005     0.0000
    0.0000   448.0000   304.8000    -0.0036     0.0000     0.0000
   30.2000   448.0000   304.8000    -0.0035     0.0000     0.0000
   60.4000   448.0000   304.8000    -0.0033     0.0000     0.0000
   90.6000   448.0000   304.8000    -0.0030     0.0000     0.0000
  120.8000   448.0000   304.8000    -0.0026     0.0000     0.0000
  151.0000   448.0000   304.8000    -0.0022     0.0000     0.0000
  181.2000   448.0000   304.8000    -0.0017     0.0000     0.0000
  211.4000   448.0000   304.8000    -0.0012     0.0000     0.0000
  241.6000   448.0000   304.8000    -0.0007     0.0000     0.0000
  271.8000   448.0000   304.8000    -0.0003     0.0000     0.0000
  302.0000   448.0000   304.8000     0.0000     0.0000     0.0000
    0.0000     0.0000   609.6000     0.0000     0.0000     0.0000
   30.2000     0.0000   609.6000     0.0000     0.3336     0.0000
   60.4000     0.0000   609.6000     0.0000     0.6152     0.0000
   90.6000     0.0000   609.6000     0.0000     0.9656     0.0000
  120.8000     0.0000   609.6000     0.0000     0.8509     0.0000
  151.0000     0.0000   609.6000     0.0000     0.5188     0.0000
  181.2000     0.0000   609.6000     0.0000     0.3118     0.0000
  211.4000     0.0000   609.6000     0.0000     0.1656     0.0000
  241.6000     0.0000   609.6000     0.0000     0.0475     0.0000
  271.8000     0.0000   609.6000     0.0000    -1.9697     0.0000
  302.0000     0.0000   609.6000     0.0000    -0.0079     0.0000
    0.0000    44.8000   609.6000     0.6524     0.0000     0.0000
   30.2000    44.8000   609.6000     0.3931     0.4923     0.0000
   60.4000    44.8000   609.6000     0.6598     0.4184     0.0000
   90.6000    44.8000   609.6000     0.5424     0.9351     0.0000
  120.8000    44.8000   609.6000     0.9568     1.0857     0.0000
  151.0000    44.8000   609.6000     0.9470     1.0928     0.0000
  181.2000    44.8000   609.6000    -0.0983     0.2448     0.0000
  211.4000    44.8000   609.6000    -0.0430     0.1347     0.0000
  241.6000    44.8000   609.6000    -0.0193     0.0402     0.0000
  271.8000    44.8000   609.6000    -0.0046    -1.9855     0.0000
  302.0000    44.8000   609.6000     0.0000    -0.0079     0.0000
    0.0000    89.6000   609.6000     1.1671     0.0000     0.0000
   30.2000    89.6000   609.6000     1.2861     0.6233     0.0000
   60.4000    89.6000   609.6000     1.0515     0.8012     0.0000
   90.6000    89.6000   609.6000     0.9129     0.8991     0.0000
  120.8000    89.6000   609.6000     0.8993     0.9458     0.0000
  151.0000    89.6000   609.6000     0.9372     0.9213     0.0000
  181.2000    89.6000   609.6000     1.0138     0.8475     0.0000
  211.4000    89.6000   609.6000     1.1406     0.7770     0.0000
  241.6000    89.6000   609.6000     0.0040     0.0163     0.0000
  271.8000    89.6000   609.6000     0.3574    -2.0623     0.0000
  302.0000    89.6000   609.6000     0.0000    -0.0069     0.0000
    0.0000   134.4000   609.6000     0.6631     0.0000     0.0000
   30.2000   134.4000   609.6000     0.5764    -0.0985     0.0000
   60.4000   134.4000   609.6000     1.0433     1.0443     0.0000
   90.6000   134.4000   609.6000     0.9403     1.0288     0.0000
  120.8000   134.4000   609.6000     0.8546     0.9857     0.0000
  151.0000   134.4000   609.6000     0.8106     0.8940     0.0000
  181.2000   134.4000   609.6000     0.8106     0.7453     0.0000
  211.4000   134.4000   609.6000     0.8499     0.5120     0.0000
  241.6000   134.4000   609.6000     0.8464     0.1001     0.0000
  271.8000   134.4000   609.6000     0.4531    -0.3739     0.0000
  302.0000   134.4000   609.6000     0.0000    -0.0020     0.0000
    0.0000   179.2000   609.6000     0.3219     0.0000     0.0000
   30.2000   179.2000   609.6000     0.2895    -0.0782     0.0000
   60.4000   179.2000   609.6000     1.0495     1.2506     0.0000
   90.6000   179.2000   609.6000     0.8892     1.2272     0.0000
  120.8000   179.2000   609.6000     0.7128     1.1461     0.0000
  151.0000   179.2000   609.6000     0.5851     0.9840     0.0000
  181.2000   179.2000   609.6000     0.5157     0.7830     0.0000
  211.4000   179.2000   609.6000     0.4598     0.5654     0.0000
  241.6000   179.2000   609.6000     0.3582     0.3485     0.0000
  271.8000   179.2000   609.6000     0.1672     0.1892     0.0000
  302.0000   179.2000   609.6000     0.0000     0.0006     0.0000
    0.0000   224.0000   609.6000     0.1163     0.0000     0.0000
   30.2000   224.0000   609.6000     0.1059    -0.0230     0.0000
   60.4000   224.0000   609.6000     0.0800    -0.0286     0.0000
   90.6000   224.0000   609.6000     1.0280     1.6334     0.0000
  120.8000   224.0000   609.6000     0.3681     1.5210     0.0000
  151.0000   224.0000   609.6000     0.2109     1.1309     0.0000
  181.2000   224.0000   609.6000     0.1837     0.8515     0.0000
  211.4000   224.0000   609.6000     0.1675     0.6467     0.0000
  241.6000   224.0000   609.6000     0.1282     0.4975     0.0000
  271.8000   224.0000   609.6000     0.0581     0.4098     0.0000
  302.0000   224.0000   609.6000     0.0000     0.0015     0.0000
    0.0000   268.8000   609.6000    -1.2299     0.0000     0.0000
   30.2000   268.8000   609.6000    -1.2770     0.0195     0.0000
   60.4000   268.8000   609.6000    -1.4589     0.0922     0.0000
   90.6000   268.8000   609.6000    -2.1572     0.7404     0.0000
  120.8000   268.8000   609.6000    -0.6913     1.3955     0.0000
  151.0000   268.8000   609.6000    -0.3042     1.0121     0.0000
  181.2000   268.8000   609.6000    -0.1449     0.7783     0.0000
  211.4000   268.8000   609.6000    -0.0623     0.6208     0.0000
  241.6000   268.8000   609.6000    -0.0208     0.5158     0.0000
  271.8000   268.8000   609.6000    -0.0042     0.4586     0.0000
  302.0000   268.8000   609.6000     0.0000     0.0018     0.0000
    0.0000   313.6000   609.6000    -1.1379     0.0000     0.0000
   30.2000   313.6000   609.6000    -1.1446     0.1026     0.0000
   60.4000   313.6000   609.6000    -1.1463     0.2538     0.0000
   90.6000   313.6000   609.6000    -1.0575     0.4702     0.0000
  120.8000   313.6000   609.6000    -0.8012     0.6260     0.0000
  151.0000   313.6000   609.6000    -0.5320     0.6291     0.0000
  181.2000   313.6000   609.6000    -0.3393     0.5621     0.0000
  211.4000   313.6000   609.6000    -0.2077     0.4887     0.0000
  241.6000   313.6000   609.6000    -0.1143     0.4316     0.0000
  271.8000   313.6000   609.6000    -0.0426     0.3990     0.0000
  302.0000   313.6000   609.6000     0.0000     0.0016     0.0000
    0.0000   358.4000   609.6000    -1.0032     0.0000     0.0000
   30.2000   358.4000   609.6000    -0.9898     0.0815     0.0000
   60.4000   358.4000   609.6000    -0.9442     0.1701     0.0000
   90.6000   358.4000   609.6000    -0.8519     0.2584     0.0000
  120.8000   358.4000   609.6000    -0.7132     0.3227     0.0000
  151.0000   358.4000   609.6000    -0.5544     0.3466     0.0000
  181.2000   358.4000   609.6000    -0.4039     0.3378     0.0000
  211.4000   358.4000   609.6000    -0.2734     0.3146     0.0000
  241.6000   358.4000   609.6000    -0.1617     0.2913     0.0000
  271.8000   358.4000   609.6000    -0.0628     0.2767     0.0000
  302.0000   358.4000   609.6000     0.0000     0.0011     0.0000
    0.0000   403.2000   609.6000    -0.9165     0.0000     0.0000
   30.2000   403.2000   609.6000    -0.9003     0.0363     0.0000
   60.4000   403.2000   609.6000    -0.8527     0.0721     0.0000
   90.6000   403.2000   609.6000    -0.7733     0.1046     0.0000
  120.8000   403.2000   609.6000    -0.6670     0.1285     0.0000
  151.0000   403.2000   609.6000    -0.5445     0.1405     0.0000
  181.2000   403.2000   609.6000    -0.4178     0.1417     0.0000
  211.4000   403.2000   609.6000    -0.2953     0.1366     0.0000
  241.6000   403.2000   609.6000    -0.1801     0.1298     0.0000
  271.8000   403.2000   609.6000    -0.0711     0.1252     0.0000
  302.0000   403.2000   609.6000     0.0000     0.0005     0.0000
    0.0000   448.0000   609.6000    -0.0036     0.0000     0.0000
   30.2000   448.0000   609.6000    -0.0035     0.0000     0.0000
   60.4000   448.0000   609.6000    -0.0033     0.0000     0.0000
   90.6000   448.0000   609.6000    -0.0030     0.0000     0.0000
  120.8000   448.0000   609.6000    -0.0026     0.0000     0.0000
  151.0000   448.0000   609.6000    -0.0022     0.0000     0.0000
  181.2000   448.0000   609.6000    -0.0017     0.0000     0.0000
  211.4000   448.0000   609.6000    -0.0012     0.0000     0.0000
  241.6000   448.0000   609.6000    -0.0007     0.0000     0.0000
  271.8000   448.0000   609.6000    -0.0003     0.0000     0.0000
  302.0000   448.0000   609.6000     0.0000     0.0000     0.0000
    0.0000     0.0000   914.4000     0.0000     0.0000     0.0000
   30.2000     0.0000   914.4000     0.0000     0.3336     0.0000
   60.4000     0.0000   914.4000     0.0000     0.6152     0.0000
   90.6000     0.0000   914.4000     0.0000     0.9656     0.0000
  120.8000     0.0000   914.4000     0.0000     0.8509     0.0000
  151.0000     0.0000   914.4000     0.0000     0.5188     0.0000
  181.2000     0.0000   914.4000     0.0000     0.3118     0.0000
  211.4000     0.0000   914.4000     0.0000     0.1656     0.0000
  241.6000     0.0000   914.4000     0.0000     0.0475     0.0000
  271.8000     0.0000   914.4000     0.0000    -1.9697     0.0000
  302.0000     0.0000   914.4000     0.0000    -0.0079     0.0000
    0.0000    44.8000   914.4000     0.6524     0.0000     0.0000
   30.2000    44.8000   914.4000     0.3931     0.4923     0.0000
   60.4000    44.8000   914.4000     0.6598     0.4184     0.0000
   90.6000    44.8000   914.4000     0.5424     0.9351     0.0000
  120.8000    44.8000   914.4000     0.9568     1.0857     0.0000
  151.0000    44.8000   914.4000     0.9470     1.0928     0.0000
  181.2000    44.8000   914.4000    -0.0983     0.2448     0.0000
  211.4000    44.8000   914.4000    -0.0430     0.1347     0.0000
  241.6000    44.8000   914.4000    -0.0193     0.0402     0.0000
  271.8000    44.8000   914.4000    -0.0046    -1.9855     0.0000
  302.0000    44.8000   914.4000     0.0000    -0.0079     0.0000
    0.0000    89.6000   914.4000     1.1671     0.0000     0.0000
   30.2000    89.6000   914.4000     1.2861     0.6233     0.0000
   60.4000    89.6000   914.4000     1.0515     0.8012     0.0000
   90.6000    89.6000   914.4000     0.9129     0.8991     0.0000
  120.8000    89.6000   914.4000     0.8993     0.9458     0.0000
  151.0000    89.6000   914.4000     0.9372     0.9213     0.0000
  181.2000    89.6000   914.4000     1.0138     0.8475     0.0000
  211.4000    89.6000   914.4000     1.1406     0.7770     0.0000
  241.6000    89.6000   914.4000     0.0040     0.0163     0.0000
  271.8000    89.6000   914.4000     0.3574    -2.0623     0.0000
  302.0000    89.6000   914.4000     0.0000    -0.0069     0.0000
    0.0000   134.4000   914.4000     0.6631     0.0000     0.0000
   30.2000   134.4000   914.4000     0.5764    -0.0985     0.0000
   60.4000   134.4000   914.4000     1.0433     1.0443     0.0000
   90.6000   134.4000   914.4000     0.9403     1.0288     0.0000
  120.8000   134.4000   914.4000     0.8546     0.9857     0.0000
  151.0000   134.4000   914.4000     0.8106     0.8940     0.0000
  181.2000   134.4000   914.4000     0.8106     0.7453     0.0000
  211.4000   134.4000   914.4000     0.8499     0.5120     0.0000
  241.6000   134.4000   914.4000     0.8464     0.1001     0.0000
  271.8000   134.4000   914.4000     0.4531    -0.3739     0.0000
  302.0000   134.4000   914.4000     0.0000    -0.0020     0.0000
    0.0000   179.2000   914.4000     0.3219     0.0000     0.0000
   30.2000   179.2000   914.4000     0.2895    -0.0782     0.0000
   60.4000   179.2000   914.4000     1.0495     1.2506     0.0000
   90.6000   179.2000   914.4000     0.8892     1.2272     0.0000
  120.8000   179.2000   914.4000     0.7128     1.1461     0.0000
  151.0000   179.2000   914.4000     0.5851     0.9840     0.0000
  181.2000   179.2000   914.4000     0.5157     0.7830     0.0000
  211.4000   179.2000   914.4000     0.4598     0.5654     0.0000
  241.6000   179.2000   914.4000     0.3582     0.3485     0.0000
  271.8000   179.2000   914.4000     0.1672     0.1892     0.0000
  302.0000   179.2000   914.4000     0.0000     0.0006     0.0000
    0.0000   224.0000   914.4000     0.1163     0.0000     0.0000
   30.2000   224.0000   914.4000     0.1059    -0.0230     0.0000
   60.4000   224.0000   914.4000     0.0800    -0.0286     0.0000
   90.6000   224.0000   914.4000     1.0280     1.6334     0.0000
  120.8000   224.0000   914.4000     0.3681     1.5210     0.0000
  151.0000   224.0000   914.4000     0.2109     1.1309     0.0000
  181.2000   224.0000   914.4000     0.1837     0.8515     0.0000
  211.4000   224.0000   914.4000     0.1675     0.6467     0.0000
  241.6000   224.0000   914.4000     0.1282     0.4975     0.0000
  271.8000   224.0000   914.4000     0.0581     0.4098     0.0000
  302.0000   224.0000   914.4000     0.0000     0.0015     0.0000
    0.0000   268.8000   914.4000    -1.2299     0.0000     0.0000
   30.2000   268.8000   914.4000    -1.2770     0.0195     0.0000
   60.4000   268.8000   914.4000    -1.4589     0.0922     0.0000
   90.6000   268.8000   914.4000    -2.1572     0.7404     0.0000
  120.8000   268.8000   914.4000    -0.6913     1.3955     0.0000
  151.0000   268.8000   914.4000    -0.3042     1.0121     0.0000
  181.2000   268.8000   914.4000    -0.1449     0.7783     0.0000
  211.4000   268.8000   914.4000    -0.0623     0.6208     0.0000
  241.6000   268.8000   914.4000    -0.0208     0.5158     0.0000
  271.8000   268.8000   914.4000    -0.0042     0.4586     0.0000
  302.0000   268.8000   914.4000     0.0000     0.0018     0.0000
    0.0000   313.6000   914.4000    -1.1379     0.0000     0.0000
   30.2000   313.6000   914.4000    -1.1446     0.1026     0.0000
   60.4000   313.6000   914.4000    -1.1463     0.2538     0.0000
   90.6000   313.6000   914.4000    -1.0575     0.4702     0.0000
  120.8000   313.6000   914.4000    -0.8012     0.6260     0.0000
  151.0000   313.6000   914.4000    -0.5320     0.6291     0.0000
  181.2000   313.6000   914.4000    -0.3393     0.5621     0.0000
  211.4000   313.6000   914.4000    -0.2077     0.4887     0.0000
  241.6000   313.6000   914.4000    -0.1143     0.4316     0.0000
  271.8000   313.6000   914.4000    -0.0426     0.3990     0.0000
  302.0000   313.6000   914.4000     0.0000     0.0016     0.0000
    0.0000   358.4000   914.4000    -1.0032     0.0000     0.0000
   30.2000   358.4000   914.4000    -0.9898     0.0815     0.0000
   60.4000   358.4000   914.4000    -0.9442     0.1701     0.0000
   90.6000   358.4000   914.4000    -0.8519     0.2584     0.0000
  120.8000   358.4000   914.4000    -0.7132     0.3227     0.0000
  151.0000   358.4000   914.4000    -0.5544     0.3466     0.0000
  181.2000   358.4000   914.4000    -0.4039     0.3378     0.0000
  211.4000   358.4000   914.4000    -0.2734     0.3146     0.0000
  241.6000   358.4000   914.4000    -0.1617     0.2913     0.0000
  271.8000   358.4000   914.4000    -0.0628     0.2767     0.0000
  302.0000   358.4000   914.4000     0.0000     0.0011     0.0000
    0.0000   403.2000   914.4000    -0.9165     0.0000     0.0000
   30.2000   403.2000   914.4000    -0.9003     0.0363     0.0000
   60.4000   403.2000   914.4000    -0.8527     0.0721     0.0000
   90.6000   403.2000   914.4000    -0.7733     0.1046     0.0000
  120.8000   403.2000   914.4000    -0.6670     0.1285     0.0000
  151.0000   403.2000   914.4000    -0.5445     0.1405     0.0000
  181.2000   403.2000   914.4000    -0.4178     0.1417     0.0000
  211.4000   403.2000   914.4000    -0.2953     0.1366     0.0000
  241.6000   403.2000   914.4000    -0.1801     0.1298     0.0000
  271.8000   403.2000   914.4000    -0.0711     0.1252     0.0000
  302.0000   403.2000   914.4000     0.0000     0.0005     0.0000
    0.0000   448.0000   914.4000    -0.0036     0.0000     0.0000
   30.2000   448.0000   914.4000    -0.0035     0.0000     0.0000
   60.4000   448.0000   914.4000    -0.0033     0.0000     0.0000
   90.6000   448.0000   914.4000    -0.0030     0.0000     0.0000
  120.8000   448.0000   914.4000    -0.0026     0.0000     0.0000
  151.0000   448.0000   914.4000    -0.0022     0.0000     0.0000
  181.2000   448.0000   914.4000    -0.0017     0.0000     0.0000
  211.4000   448.0000   914.4000    -0.0012     0.0000     0.0000
  241.6000   448.0000   914.4000    -0.0007     0.0000     0.0000
  271.8000   448.0000   914.4000    -0.0003     0.0000     0.0000
  302.0000   448.0000   914.4000     0.0000     0.0000     0.0000
    0.0000     0.0000  1219.2000     0.0000     0.0000     0.0000
   30.2000     0.0000  1219.2000     0.0000     0.3336     0.0000
   60.4000     0.0000  1219.2000     0.0000     0.6152     0.0000
   90.6000     0.0000  1219.2000     0.0000     0.9656     0.0000
  120.8000     0.0000  1219.2000     0.0000     0.8509     0.0000
  151.0000     0.0000  1219.2000     0.0000     0.5188     0.0000
  181.2000     0.0000  1219.2000     0.0000     0.3118     0.0000
  211.4000     0.0000  1219.2000     0.0000     0.1656     0.0000
  241.6000     0.0000  1219.2000     0.0000     0.0475     0.0000
  271.8000     0.0000  1219.2000     0.0000    -1.9697     0.0000
  302.0000     0.0000  1219.2000     0.0000    -0.0079     0.0000
    0.0000    44.8000  1219.2000     0.6524     0.0000     0.0000
   30.2000    44.8000  1219.2000     0.3931     0.4923     0.0000
   60.4000    44.8000  1219.2000     0.6598     0.4184     0.0000
   90.6000    44.8000  1219.2000     0.5424     0.9351     0.0000
  120.8000    44.8000  1219.2000     0.9568     1.0857     0.0000
  151.0000    44.8000  1219.2000     0.9470     1.0928     0.0000
  181.2000    44.8000  1219.2000    -0.0983     0.2448     0.0000
  211.4000    44.8000  1219.2000    -0.0430     0.1347     0.0000
  241.6000    44.8000  1219.2000    -0.0193     0.0402     0.0000
  271.8000    44.8000  1219.2000    -0.0046    -1.9855     0.0000
  302.0000    44.8000  1219.2000     0.0000    -0.0079     0.0000
    0.0000    89.6000  1219.2000     1.1671     0.0000     0.0000
   30.2000    89.6000  1219.2000     1.2861     0.6233     0.0000
   60.4000    89.6000  1219.2000     1.0515     0.8012     0.0000
   90.6000    89.6000  1219.2000     0.9129     0.8991     0.0000
  120.8000    89.6000  1219.2000     0.8993     0.9458     0.0000
  151.0000    89.6000  1219.2000     0.9372     0.9213     0.0000
  181.2000    89.6000  1219.2000     1.0138     0.8475     0.0000
  211.4000    89.6000  1219.2000     1.1406     0.7770     0.0000
  241.6000    89.6000  1219.2000     0.0040     0.0163     0.0000
  271.8000    89.6000  1219.2000     0.3574    -2.0623     0.0000
  302.0000    89.6000  1219.2000     0.0000    -0.0069     0.0000
    0.0000   134.4000  1219.2000     0.6631     0.0000     0.0000
   30.2000   134.4000  1219.2000     0.5764    -0.0985     0.0000
   60.4000   134.4000  1219.2000     1.0433     1.0443     0.0000
   90.6000   134.4000  1219.2000     0.9403     1.0288     0.0000
  120.8000   134.4000  1219.2000     0.8546     0.9857     0.0000
  151.0000   134.4000  1219.2000     0.8106     0.8940     0.0000
  181.2000   134.4000  1219.2000     0.8106     0.7453     0.0000
  211.4000   134.4000  1219.2000     0.8499     0.5120     0.0000
  241.6000   134.4000  1219.2000     0.8464     0.1001     0.0000
  271.8000   134.4000  1219.2000     0.4531    -0.3739     0.0000
  302.0000   134.4000  1219.2000     0.0000    -0.0020     0.0000
    0.0000   179.2000  1219.2000     0.3219     0.0000     0.0000
   30.2000   179.2000  1219.2000     0.2895    -0.0782     0.0000
   60.4000   179.2000  1219.2000     1.0495     1.2506     0.0000
   90.6000   179.2000  1219.2000     0.8892     1.2272     0.0000
  120.8000   179.2000  1219.2000     0.7128     1.1461     0.0000
  151.0000   179.2000  1219.2000     0.5851     0.9840     0.0000
  181.2000   179.2000  1219.2000     0.5157     0.7830     0.0000
  211.4000   179.2000  1219.2000     0.4598     0.5654     0.0000
  241.6000   179.2000  1219.2000     0.3582     0.3485     0.0000
  271.8000   179.2000  1219.2000     0.1672     0.1892     0.0000
  302.0000   179.2000  1219.2000     0.0000     0.0006     0.0000
    0.0000   224.0000  1219.2000     0.1163     0.0000     0.0000
   30.2000   224.0000  1219.2000     0.1059    -0.0230     0.0000
   60.4000   224.0000  1219.2000     0.0800    -0.0286     0.0000
   90.6000   224.0000  1219.2000     1.0280     1.6334     0.0000
  120.8000   224.0000  1219.2000     0.3681     1.5210     0.0000
  151.0000   224.0000  1219.2000     0.2109     1.1309     0.0000
  181.2000   224.0000  1219.2000     0.1837     0.8515     0.0000
  211.4000   224.0000  1219.2000     0.1675     0.6467     0.0000
  241.6000   224.0000  1219.2000     0.1282     0.4975     0.0000
  271.8000   224.0000  1219.2000     0.0581     0.4098     0.0000
  302.0000   224.0000  1219.2000     0.0000     0.0015     0.0000
    0.0000   268.8000  1219.2000    -1.2299     0.0000     0.0000
   30.2000   268.8000  1219.2000    -1.2770     0.0195     0.0000
   60.4000   268.8000  1219.2000    -1.4589     0.0922     0.0000
   90.6000   268.8000  1219.2000    -2.1572     0.7404     0.0000
  120.8000   268.8000  1219.2000    -0.6913     1.3955     0.0000
  151.0000   268.8000  1219.2000    -0.3042     1.0121     0.0000
  181.2000   268.8000  1219.2000    -0.1449     0.7783     0.0000
  211.4000   268.8000  1219.2000    -0.0623     0.6208     0.0000
  241.6000   268.8000  1219.2000    -0.0208     0.5158     0.0000
  271.8000   268.8000  1219.2000    -0.0042     0.4586     0.0000
  302.0000   268.8000  1219.2000     0.0000     0.0018     0.0000
    0.0000   313.6000  1219.2000    -1.1379     0.0000     0.0000
   30.2000   313.6000  1219.2000    -1.1446     0.1026     0.0000
   60.4000   313.6000  1219.2000    -1.1463     0.2538     0.0000
   90.6000   313.6000  1219.2000    -1.0575     0.4702     0.0000
  120.8000   313.6000  1219.2000    -0.8012     0.6260     0.0000
  151.0000   313.6000  1219.2000    -0.5320     0.6291     0.0000
  181.2000   313.6000  1219.2000    -0.3393     0.5621     0.0000
  211.4000   313.6000  1219.2000    -0.2077     0.4887     0.0000
  241.6000   313.6000  1219.2000    -0.1143     0.4316     0.0000
  271.8000   313.6000  1219.2000    -0.0426     0.3990     0.0000
  302.0000   313.6000  1219.2000     0.0000     0.0016     0.0000
    0.0000   358.4000  1219.2000    -1.0032     0.0000     0.0000
   30.2000   358.4000  1219.2000    -0.9898     0.0815     0.0000
   60.4000   358.4000  1219.2000    -0.9442     0.1701     0.0000
   90.6000   358.4000  1219.2000    -0.8519     0.2584     0.0000
  120.8000   358.4000  1219.2000    -0.7132     0.3227     0.0000
  151.0000   358.4000  1219.2000    -0.5544     0.3466     0.0000
  181.2000   358.4000  1219.2000    -0.4039     0.3378     0.0000
  211.4000   358.4000  1219.2000    -0.2734     0.3146     0.0000
  241.6000   358.4000  1219.2000    -0.1617     0.2913     0.0000
  271.8000   358.4000  1219.2000    -0.0628     0.2767     0.0000
  302.0000   358.4000  1219.2000     0.0000     0.0011     0.0000
    0.0000   403.2000  1219.2000    -0.9165     0.0000     0.0000
   30.2000   403.2000  1219.2000    -0.9003     0.0363     0.0000
   60.4000   403.2000  1219.2000    -0.8527     0.0721     0.0000
   90.6000   403.2000  1219.2000    -0.7733     0.1046     0.0000
  120.8000   403.2000  1219.2000    -0.6670     0.1285     0.0000
  151.0000   403.2000  1219.2000    -0.5445     0.1405     0.0000
  181.2000   403.2000  1219.2000    -0.4178     0.1417     0.0000
  211.4000   403.2000  1219.2000    -0.2953     0.1366     0.0000
  241.6000   403.2000  1219.2000    -0.1801     0.1298     0.0000
  271.8000   403.2000  1219.2000    -0.0711     0.1252     0.0000
  302.0000   403.2000  1219.2000     0.0000     0.0005     0.0000
    0.0000   448.0000  1219.2000    -0.0036     0.0000     0.0000
   30.2000   448.0000  1219.2000    -0.0035     0.0000     0.0000
   60.4000   448.0000  1219.2000    -0.0033     0.0000     0.0000
   90.6000   448.0000  1219.2000    -0.0030     0.0000     0.0000
  120.8000   448.0000  1219.2000    -0.0026     0.0000     0.0000
  151.0000   448.0000  1219.2000    -0.0022     0.0000     0.0000
  181.2000   448.0000  1219.2000    -0.0017     0.0000     0.0000
  211.4000   448.0000  1219.2000    -0.0012     0.0000     0.0000
  241.6000   448.0000  1219.2000    -0.0007     0.0000     0.0000
  271.8000   448.0000  1219.2000    -0.0003     0.0000     0.0000
  302.0000   448.0000  1219.2000     0.0000     0.0000     0.0000
    0.0000     0.0000  1524.0000     0.0000     0.0000     0.0000
   30.2000     0.0000  1524.0000     0.0000     0.3336     0.0000
   60.4000     0.0000  1524.0000     0.0000     0.6152     0.0000
   90.6000     0.0000  1524.0000     0.0000     0.9656     0.0000
  120.8000     0.0000  1524.0000     0.0000     0.8509     0.0000
  151.0000     0.0000  1524.0000     0.0000     0.5188     0.0000
  181.2000     0.0000  1524.0000     0.0000     0.3118     0.0000
  211.4000     0.0000  1524.0000     0.0000     0.1656     0.0000
  241.6000     0.0000  1524.0000     0.0000     0.0475     0.0000
  271.8000     0.0000  1524.0000     0.0000    -1.9697     0.0000
  302.0000     0.0000  1524.0000     0.0000    -0.0079     0.0000
    0.0000    44.8000  1524.0000     0.6524     0.0000     0.0000
   30.2000    44.8000  1524.0000     0.3931     0.4923     0.0000
   60.4000    44.8000  1524.0000     0.6598     0.4184     0.0000
   90.6000    44.8000  1524.0000     0.5424     0.9351     0.0000
  120.8000    44.8000  1524.0000     0.9568     1.0857     0.0000
  151.0000    44.8000  1524.0000     0.9470     1.0928     0.0000
  181.2000    44.8000  1524.0000    -0.0983     0.2448     0.0000
  211.4000    44.8000  1524.0000    -0.0430     0.1347     0.0000
  241.6000    44.8000  1524.0000    -0.0193     0.0402     0.0000
  271.8000    44.8000  1524.0000    -0.0046    -1.9855     0.0000
  302.0000    44.8000  1524.0000     0.0000    -0.0079     0.0000
    0.0000    89.6000  1524.0000     1.1671     0.0000     0.0000
   30.2000    89.6000  1524.0000     1.2861     0.6233     0.0000
   60.4000    89.6000  1524.0000     1.0515     0.8012     0.0000
   90.6000    89.6000  1524.0000     0.9129     0.8991     0.0000
  120.8000    89.6000  1524.0000     0.8993     0.9458     0.0000
  151.0000    89.6000  1524.0000     0.9372     0.9213     0.0000
  181.2000    89.6000  1524.0000     1.0138     0.8475     0.0000
  211.4000    89.6000  1524.0000     1.1406     0.7770     0.0000
  241.6000    89.6000  1524.0000     0.0040     0.0163     0.0000
  271.8000    89.6000  1524.0000     0.3574    -2.0623     0.0000
  302.0000    89.6000  1524.0000     0.0000    -0.0069     0.0000
    0.0000   134.4000  1524.0000     0.6631     0.0000     0.0000
   30.2000   134.4000  1524.0000     0.5764    -0.0985     0.0000
   60.4000   134.4000  1524.0000     1.0433     1.0443     0.0000
   90.6000   134.4000  1524.0000     0.9403     1.0288     0.0000
  120.8000   134.4000  1524.0000     0.8546     0.9857     0.0000
  151.0000   134.4000  1524.0000     0.8106     0.8940     0.0000
  181.2000   134.4000  1524.0000     0.8106     0.7453     0.0000
  211.4000   134.4000  1524.0000     0.8499     0.5120     0.0000
  241.6000   134.4000  1524.0000     0.8464     0.1001     0.0000
  271.8000   134.4000  1524.0000     0.4531    -0.3739     0.0000
  302.0000   134.4000  1524.0000     0.0000    -0.0020     0.0000
    0.0000   179.2000  1524.0000     0.3219     0.0000     0.0000
   30.2000   179.2000  1524.0000     0.2895    -0.0782     0.0000
   60.4000   179.2000  1524.0000     1.0495     1.2506     0.0000
   90.6000   179.2000  1524.0000     0.8892     1.2272     0.0000
  120.8000   179.2000  1524.0000     0.7128     1.1461     0.0000
  151.0000   179.2000  1524.0000     0.5851     0.9840     0.0000
  181.2000   179.2000  1524.0000     0.5157     0.7830     0.0000
  211.4000   179.2000  1524.0000     0.4598     0.5654     0.0000
  241.6000   179.2000  1524.0000     0.3582     0.3485     0.0000
  271.8000   179.2000  1524.0000     0.1672     0.1892     0.0000
  302.0000   179.2000  1524.0000     0.0000     0.0006     0.0000
    0.0000   224.0000  1524.0000     0.1163     0.0000     0.0000
   30.2000   224.0000  1524.0000     0.1059    -0.0230     0.0000
   60.4000   224.0000  1524.0000     0.0800    -0.0286     0.0000
   90.6000   224.0000  1524.0000     1.0280     1.6334     0.0000
  120.8000   224.0000  1524.0000     0.3681     1.5210     0.0000
  151.0000   224.0000  1524.0000     0.2109     1.1309     0.0000
  181.2000   224.0000  1524.0000     0.1837     0.8515     0.0000
  211.4000   224.0000  1524.0000     0.1675     0.6467     0.0000
  241.6000   224.0000  1524.0000     0.1282     0.4975     0.0000
  271.8000   224.0000  1524.0000     0.0581     0.4098     0.0000
  302.0000   224.0000  1524.0000     0.0000     0.0015     0.0000
    0.0000   268.8000  1524.0000    -1.2299     0.0000     0.0000
   30.2000   268.8000  1524.0000    -1.2770     0.0195     0.0000
   60.4000   268.8000  1524.0000    -1.4589     0.0922     0.0000
   90.6000   268.8000  1524.0000    -2.1572     0.7404     0.0000
  120.8000   268.8000  1524.0000    -0.6913     1.3955     0.0000
  151.0000   268.8000  1524.0000    -0.3042     1.0121     0.0000
  181.2000   268.8000  1524.0000    -0.1449     0.7783     0.0000
  211.4000   268.8000  1524.0000    -0.0623     0.6208     0.0000
  241.6000   268.8000  1524.0000    -0.0208     0.5158     0.0000
  271.8000   268.8000  1524.0000    -0.0042     0.4586     0.0000
  302.0000   268.8000  1524.0000     0.0000     0.0018     0.0000
    0.0000   313.6000  1524.0000    -1.1379     0.0000     0.0000
   30.2000   313.6000  1524.0000    -1.1446     0.1026     0.0000
   60.4000   313.6000  1524.0000    -1.1463     0.2538     0.0000
   90.6000   313.6000  1524.0000    -1.0575     0.4702     0.0000
  120.8000   313.6000  1524.0000    -0.8012     0.6260     0.0000
  151.0000   313.6000  1524.0000    -0.5320     0.6291     0.0000
  181.2000   313.6000  1524.0000    -0.3393     0.5621     0.0000
  211.4000   313.6000  1524.0000    -0.2077     0.4887     0.0000
  241.6000   313.6000  1524.0000    -0.1143     0.4316     0.0000
  271.8000   313.6000  1524.0000    -0.0426     0.3990     0.0000
  302.0000   313.6000  1524.0000     0.0000     0.0016     0.0000
    0.0000   358.4000  1524.0000    -1.0032     0.0000     0.0000
   30.2000   358.4000  1524.0000    -0.9898     0.0815     0.0000
   60.4000   358.4000  1524.0000    -0.9442     0.1701     0.0000
   90.6000   358.4000  1524.0000    -0.8519     0.2584     0.0000
  120.8000   358.4000  1524.0000    -0.7132     0.3227     0.0000
  151.0000   358.4000  1524.0000    -0.5544     0.3466     0.0000
  181.2000   358.4000  1524.0000    -0.4039     0.3378     0.0000
  211.4000   358.4000  1524.0000    -0.2734     0.3146     0.0000
  241.6000   358.4000  1524.0000    -0.1617     0.2913     0.0000
  271.8000   358.4000  1524.0000    -0.0628     0.2767     0.0000
  302.0000   358.4000  1524.0000     0.0000     0.0011     0.0000
    0.0000   403.2000  1524.0000    -0.9165     0.0000     0.0000
   30.2000   403.2000  1524.0000    -0.9003     0.0363     0.0000
   60.4000   403.2000  1524.0000    -0.8527     0.0721     0.0000
   90.6000   403.2000  1524.0000    -0.7733     0.1046     0.0000
  120.8000   403.2000  1524.0000    -0.6670     0.1285     0.0000
  151.0000   403.2000  1524.0000    -0.5445     0.1405     0.0000
  181.2000   403.2000  1524.0000    -0.4178     0.1417     0.0000
  211.4000   403.2000  1524.0000    -0.2953     0.1366     0.0000
  241.6000   403.2000  1524.0000    -0.1801     0.1298     0.0000
  271.8000   403.2000  1524.0000    -0.0711     0.1252     0.0000
  302.0000   403.2000  1524.0000     0.0000     0.0005     0.0000
    0.0000   448.0000  1524.0000    -0.0036     0.0000     0.0000
   30.2000   448.0000  1524.0000    -0.0035     0.0000     0.0000
   60.4000   448.0000  1524.0000    -0.0033     0.0000     0.0000
   90.6000   448.0000  1524.0000    -0.0030     0.0000     0.0000
  120.8000   448.0000  1524.0000    -0.0026     0.0000     0.0000
  151.0000   448.0000  1524.0000    -0.0022     0.0000     0.0000
  181.2000   448.0000  1524.0000    -0.0017     0.0000     0.0000
  211.4000   448.0000  1524.0000    -0.0012     0.0000     0.0000
  241.6000   448.0000  1524.0000    -0.0007     0.0000     0.0000
  271.8000   448.0000  1524.0000    -0.0003     0.0000     0.0000
  302.0000   448.0000  1524.0000     0.0000     0.0000     0.0000
    0.0000     0.0000  1828.8000     0.0000     0.0000     0.0000
   30.2000     0.0000  1828.8000     0.0000     0.3336     0.0000
   60.4000     0.0000  1828.8000     0.0000     0.6152     0.0000
   90.6000     0.0000  1828.8000     0.0000     0.9656     0.0000
  120.8000     0.0000  1828.8000     0.0000     0.8509     0.0000
  151.0000     0.0000  1828.8000     0.0000     0.5188     0.0000
  181.2000     0.0000  1828.8000     0.0000     0.3118     0.0000
  211.4000     0.0000  1828.8000     0.0000     0.1656     0.0000
  241.6000     0.0000  1828.8000     0.0000     0.0475     0.0000
  271.8000     0.0000  1828.8000     0.0000    -1.9697     0.0000
  302.0000     0.0000  1828.8000     0.0000    -0.0079     0.0000
    0.0000    44.8000  1828.8000     0.6524     0.0000     0.0000
   30.2000    44.8000  1828.8000     0.3931     0.4923     0.0000
   60.4000    44.8000  1828.8000     0.6598     0.4184     0.0000
   90.6000    44.8000  1828.8000     0.5424     0.9351     0.0000
  120.8000    44.8000  1828.8000     0.9568     1.0857     0.0000
  151.0000    44.8000  1828.8000     0.9470     1.0928     0.0000
  181.2000    44.8000  1828.8000    -0.0983     0.2448     0.0000
  211.4000    44.8000  1828.8000    -0.0430     0.1347     0.0000
  241.6000    44.8000  1828.8000    -0.0193     0.0402     0.0000
  271.8000    44.8000  1828.8000    -0.0046    -1.9855     0.0000
  302.0000    44.8000  1828.8000     0.0000    -0.0079     0.0000
    0.0000    89.6000  1828.8000     1.1671     0.0000     0.0000
   30.2000    89.6000  1828.8000     1.2861     0.6233     0.0000
   60.4000    89.6000  1828.8000     1.0515     0.8012     0.0000
   90.6000    89.6000  1828.8000     0.9129     0.8991     0.0000
  120.8000    89.6000  1828.8000     0.8993     0.9458     0.0000
  151.0000    89.6000  1828.8000     0.9372     0.9213     0.0000
  181.2000    89.6000  1828.8000     1.0138     0.8475     0.0000
  211.4000    89.6000  1828.8000     1.1406     0.7770     0.0000
  241.6000    89.6000  1828.8000     0.0040     0.0163     0.0000
  271.8000    89.6000  1828.8000     0.3574    -2.0623     0.0000
  302.0000    89.6000  1828.8000     0.0000    -0.0069     0.0000
    0.0000   134.4000  1828.8000     0.6631     0.0000     0.0000
   30.2000   134.4000  1828.8000     0.5764    -0.0985     0.0000
   60.4000   134.4000  1828.8000     1.0433     1.0443     0.0000
   90.6000   134.4000  1828.8000     0.9403     1.0288     0.0000
  120.8000   134.4000  1828.8000     0.8546     0.9857     0.0000
  151.0000   134.4000  1828.8000     0.8106     0.8940     0.0000
  181.2000   134.4000  1828.8000     0.8106     0.7453     0.0000
  211.4000   134.4000  1828.8000     0.8499     0.5120     0.0000
  241.6000   134.4000  1828.8000     0.8464     0.1001     0.0000
  271.8000   134.4000  1828.8000     0.4531    -0.3739     0.0000
  302.0000   134.4000  1828.8000     0.0000    -0.0020     0.0000
    0.0000   179.2000  1828.8000     0.3219     0.0000     0.0000
   30.2000   179.2000  1828.8000     0.2895    -0.0782     0.0000
   60.4000   179.2000  1828.8000     1.0495     1.2506     0.0000
   90.6000   179.2000  1828.8000     0.8892     1.2272     0.0000
  120.8000   179.2000  1828.8000     0.7128     1.1461     0.0000
  151.0000   179.2000  1828.8000     0.5851     0.9840     0.0000
  181.2000   179.2000  1828.8000     0.5157     0.7830     0.0000
  211.4000   179.2000  1828.8000     0.4598     0.5654     0.0000
  241.6000   179.2000  1828.8000     0.3582     0.3485     0.0000
  271.8000   179.2000  1828.8000     0.1672     0.1892     0.0000
  302.0000   179.2000  1828.8000     0.0000     0.0006     0.0000
    0.0000   224.0000  1828.8000     0.1163     0.0000     0.0000
   30.2000   224.0000  1828.8000     0.1059    -0.0230     0.0000
   60.4000   224.0000  1828.8000     0.0800    -0.0286     0.0000
   90.6000   224.0000  1828.8000     1.0280     1.6334     0.0000
  120.8000   224.0000  1828.8000     0.3681     1.5210     0.0000
  151.0000   224.0000  1828.8000     0.2109     1.1309     0.0000
  181.2000   224.0000  1828.8000     0.1837     0.8515     0.0000
  211.4000   224.0000  1828.8000     0.1675     0.6467     0.0000
  241.6000   224.0000  1828.8000     0.1282     0.4975     0.0000
  271.8000   224.0000  1828.8000     0.0581     0.4098     0.0000
  302.0000   224.0000  1828.8000     0.0000     0.0015     0.0000
    0.0000   268.8000  1828.8000    -1.2299     0.0000     0.0000
   30.2000   268.8000  1828.8000    -1.2770     0.0195     0.0000
   60.4000   268.8000  1828.8000    -1.4589     0.0922     0.0000
   90.6000   268.8000  1828.8000    -2.1572     0.7404     0.0000
  120.8000   268.8000  1828.8000    -0.6913     1.3955     0.0000
  151.0000   268.8000  1828.8000    -0.3042     1.0121     0.0000
  181.2000   268.8000  1828.8000    -0.1449     0.7783     0.0000
  211.4000   268.8000  1828.8000    -0.0623     0.6208     0.0000
  241.6000   268.8000  1828.8000    -0.0208     0.5158     0.0000
  271.8000   268.8000  1828.8000    -0.0042     0.4586     0.0000
  302.0000   268.8000  1828.8000     0.0000     0.0018     0.0000
    0.0000   313.6000  1828.8000    -1.1379     0.0000     0.0000
   30.2000   313.6000  1828.8000    -1.1446     0.1026     0.0000
   60.4000   313.6000  1828.8000    -1.1463     0.2538     0.0000
   90.6000   313.6000  1828.8000    -1.0575     0.4702     0.0000
  120.8000   313.6000  1828.8000    -0.8012     0.6260     0.0000
  151.0000   313.6000  1828.8000    -0.5320     0.6291     0.0000
  181.2000   313.6000  1828.8000    -0.3393     0.5621     0.0000
  211.4000   313.6000  1828.8000    -0.2077     0.4887     0.0000
  241.6000   313.6000  1828.8000    -0.1143     0.4316     0.0000
  271.8000   313.6000  1828.8000    -0.0426     0.3990     0.0000
  302.0000   313.6000  1828.8000     0.0000     0.0016     0.0000
    0.0000   358.4000  1828.8000    -1.0032     0.0000     0.0000
   30.2000   358.4000  1828.8000    -0.9898     0.0815     0.0000
   60.4000   358.4000  1828.8000    -0.9442     0.1701     0.0000
   90.6000   358.4000  1828.8000    -0.8519     0.2584     0.0000
  120.8000   358.4000  1828.8000    -0.7132     0.3227     0.0000
  151.0000   358.4000  1828.8000    -0.5544     0.3466     0.0000
  181.2000   358.4000  1828.8000    -0.4039     0.3378     0.0000
  211.4000   358.4000  1828.8000    -0.2734     0.3146     0.0000
  241.6000   358.4000  1828.8000    -0.1617     0.2913     0.0000
  271.8000   358.4000  1828.8000    -0.0628     0.2767     0.0000
  302.0000   358.4000  1828.8000     0.0000     0.0011     0.0000
    0.0000   403.2000  1828.8000    -0.9165     0.0000     0.0000
   30.2000   403.2000  1828.8000    -0.9003     0.0363     0.0000
   60.4000   403.2000  1828.8000    -0.8527     0.0721     0.0000
   90.6000   403.2000  1828.8000    -0.7733     0.1046     0.0000
  120.8000   403.2000  1828.8000    -0.6670     0.1285     0.0000
  151.0000   403.2000  1828.8000    -0.5445     0.1405     0.0000
  181.2000   403.2000  1828.8000    -0.4178     0.1417     0.0000
  211.4000   403.2000  1828.8000    -0.2953     0.1366     0.0000
  241.6000   403.2000  1828.8000    -0.1801     0.1298     0.0000
  271.8000   403.2000  1828.8000    -0.0711     0.1252     0.0000
  302.0000   403.2000  1828.8000     0.0000     0.0005     0.0000
    0.0000   448.0000  1828.8000    -0.0036     0.0000     0.0000
   30.2000   448.0000  1828.8000    -0.0035     0.0000     0.0000
   60.4000   448.0000  1828.8000    -0.0033     0.0000     0.0000
   90.6000   448.0000  1828.8000    -0.0030     0.0000     0.0000
  120.8000   448.0000  1828.8000    -0.0026     0.0000     0.0000
  151.0000   448.0000  1828.8000    -0.0022     0.0000     0.0000
  181.2000   448.0000  1828.8000    -0.0017     0.0000     0.0000
  211.4000   448.0000  1828.8000    -0.0012     0.0000     0.0000
  241.6000   448.0000  1828.8000    -0.0007     0.0000     0.0000
  271.8000   448.0000  1828.8000    -0.0003     0.0000     0.0000
  302.0000   448.0000  1828.8000     0.0000     0.0000     0.0000
    0.0000     0.0000  2133.6000     0.0000     0.0000     0.0000
   30.2000     0.0000  2133.6000     0.0000     0.3336     0.0000
   60.4000     0.0000  2133.6000     0.0000     0.6152     0.0000
   90.6000     0.0000  2133.6000     0.0000     0.9656     0.0000
  120.8000     0.0000  2133.6000     0.0000     0.8509     0.0000
  151.0000     0.0000  2133.6000     0.0000     0.5188     0.0000
  181.2000     0.0000  2133.6000     0.0000     0.3118     0.0000
  211.4000     0.0000  2133.6000     0.0000     0.1656     0.0000
  241.6000     0.0000  2133.6000     0.0000     0.0475     0.0000
  271.8000     0.0000  2133.6000     0.0000    -1.9697     0.0000
  302.0000     0.0000  2133.6000     0.0000    -0.0079     0.0000
    0.0000    44.8000  2133.6000     0.6524     0.0000     0.0000
   30.2000    44.8000  2133.6000     0.3931     0.4923     0.0000
   60.4000    44.8000  2133.6000     0.6598     0.4184     0.0000
   90.6000    44.8000  2133.6000     0.5424     0.9351     0.0000
  120.8000    44.8000  2133.6000     0.9568     1.0857     0.0000
  151.0000    44.8000  2133.6000     0.9470     1.0928     0.0000
  181.2000    44.8000  2133.6000    -0.0983     0.2448     0.0000
  211.4000    44.8000  2133.6000    -0.0430     0.1347     0.0000
  241.6000    44.8000  2133.6000    -0.0193     0.0402     0.0000
  271.8000    44.8000  2133.6000    -0.0046    -1.9855     0.0000
  302.0000    44.8000  2133.6000     0.0000    -0.0079     0.0000
    0.0000    89.6000  2133.6000     1.1671     0.0000     0.0000
   30.2000    89.6000  2133.6000     1.2861     0.6233     0.0000
   60.4000    89.6000  2133.6000     1.0515     0.8012     0.0000
   90.6000    89.6000  2133.6000     0.9129     0.8991     0.0000
  120.8000    89.6000  2133.6000     0.8993     0.9458     0.0000
  151.0000    89.6000  2133.6000     0.9372     0.9213     0.0000
  181.2000    89.6000  2133.6000     1.0138     0.8475     0.0000
  211.4000    89.6000  2133.6000     1.1406     0.7770     0.0000
  241.6000    89.6000  2133.6000     0.0040     0.0163     0.0000
  271.8000    89.6000  2133.6000     0.3574    -2.0623     0.0000
  302.0000    89.6000  2133.6000     0.0000    -0.0069     0.0000
    0.0000   134.4000  2133.6000     0.6631     0.0000     0.0000
   30.2000   134.4000  2133.6000     0.5764    -0.0985     0.0000
   60.4000   134.4000  2133.6000     1.0433     1.0443     0.0000
   90.6000   134.4000  2133.6000     0.9403     1.0288     0.0000
  120.8000   134.4000  2133.6000     0.8546     0.9857     0.0000
  151.0000   134.4000  2133.6000     0.8106     0.8940     0.0000
  181.2000   134.4000  2133.6000     0.8106     0.7453     0.0000
  211.4000   134.4000  2133.6000     0.8499     0.5120     0.0000
  241.6000   134.4000  2133.6000     0.8464     0.1001     0.0000
  271.8000   134.4000  2133.6000     0.4531    -0.3739     0.0000
  302.0000   134.4000  2133.6000     0.0000    -0.0020     0.0000
    0.0000   179.2000  2133.6000     0.3219     0.0000     0.0000
   30.2000   179.2000  2133.6000     0.2895    -0.0782     0.0000
   60.4000   179.2000  2133.6000     1.0495     1.2506     0.0000
   90.6000   179.2000  2133.6000     0.8892     1.2272     0.0000
  120.8000   179.2000  2133.6000     0.7128     1.1461     0.0000
  151.0000   179.2000  2133.6000     0.5851     0.9840     0.0000
  181.2000   179.2000  2133.6000     0.5157     0.7830     0.0000
  211.4000   179.2000  2133.6000     0.4598     0.5654     0.0000
  241.6000   179.2000  2133.6000     0.3582     0.3485     0.0000
  271.8000   179.2000  2133.6000     0.1672     0.1892     0.0000
  302.0000   179.2000  2133.6000     0.0000     0.0006     0.0000
    0.0000   224.0000  2133.6000     0.1163     0.0000     0.0000
   30.2000   224.0000  2133.6000     0.1059    -0.0230     0.0000
   60.4000   224.0000  2133.6000     0.0800    -0.0286     0.0000
   90.6000   224.0000  2133.6000     1.0280     1.6334     0.0000
  120.8000   224.0000  2133.6000     0.3681     1.5210     0.0000
  151.0000   224.0000  2133.6000     0.2109     1.1309     0.0000
  181.2000   224.0000  2133.6000     0.1837     0.8515     0.0000
  211.4000   224.0000  2133.6000     0.1675     0.6467     0.0000
  241.6000   224.0000  2133.6000     0.1282     0.4975     0.0000
  271.8000   224.0000  2133.6000     0.0581     0.4098     0.0000
  302.0000   224.0000  2133.6000     0.0000     0.0015     0.0000
    0.0000   268.8000  2133.6000    -1.2299     0.0000     0.0000
   30.2000   268.8000  2133.6000    -1.2770     0.0195     0.0000
   60.4000   268.8000  2133.6000    -1.4589     0.0922     0.0000
   90.6000   268.8000  2133.6000    -2.1572     0.7404     0.0000
  120.8000   268.8000  2133.6000    -0.6913     1.3955     0.0000
  151.0000   268.8000  2133.6000    -0.3042     1.0121     0.0000
  181.2000   268.8000  2133.6000    -0.1449     0.7783     0.0000
  211.4000   268.8000  2133.6000    -0.0623     0.6208     0.0000
  241.6000   268.8000  2133.6000    -0.0208     0.5158     0.0000
  271.8000   268.8000  2133.6000    -0.0042     0.4586     0.0000
  302.0000   268.8000  2133.6000     0.0000     0.0018     0.0000
    0.0000   313.6000  2133.6000    -1.1379     0.0000     0.0000
   30.2000   313.6000  2133.6000    -1.1446     0.1026     0.0000
   60.4000   313.6000  2133.6000    -1.1463     0.2538     0.0000
   90.6000   313.6000  2133.6000    -1.0575     0.4702     0.0000
  120.8000   313.6000  2133.6000    -0.8012     0.6260     0.0000
  151.0000   313.6000  2133.6000    -0.5320     0.6291     0.0000
  181.2000   313.6000  2133.6000    -0.3393     0.5621     0.0000
  211.4000   313.6000  2133.6000    -0.2077     0.4887     0.0000
  241.6000   313.6000  2133.6000    -0.1143     0.4316     0.0000
  271.8000   313.6000  2133.6000    -0.0426     0.3990     0.0000
  302.0000   313.6000  2133.6000     0.0000     0.0016     0.0000
    0.0000   358.4000  2133.6000    -1.0032     0.0000     0.0000
   30.2000   358.4000  2133.6000    -0.9898     0.0815     0.0000
   60.4000   358.4000  2133.6000    -0.9442     0.1701     0.0000
   90.6000   358.4000  2133.6000    -0.8519     0.2584     0.0000
  120.8000   358.4000  2133.6000    -0.7132     0.3227     0.0000
  151.0000   358.4000  2133.6000    -0.5544     0.3466     0.0000
  181.2000   358.4000  2133.6000    -0.4039     0.3378     0.0000
  211.4000   358.4000  2133.6000    -0.2734     0.3146     0.0000
  241.6000   358.4000  2133.6000    -0.1617     0.2913     0.0000
  271.8000   358.4000  2133.6000    -0.0628     0.2767     0.0000
  302.0000   358.4000  2133.6000     0.0000     0.0011     0.0000
    0.0000   403.2000  2133.6000    -0.9165     0.0000     0.0000
   30.2000   403.2000  2133.6000    -0.9003     0.0363     0.0000
   60.4000   403.2000  2133.6000    -0.8527     0.0721     0.0000
   90.6000   403.2000  2133.6000    -0.7733     0.1046     0.0000
  120.8000   403.2000  2133.6000    -0.6670     0.1285     0.0000
  151.0000   403.2000  2133.6000    -0.5445     0.1405     0.0000
  181.2000   403.2000  2133.6000    -0.4178     0.1417     0.0000
  211.4000   403.2000  2133.6000    -0.2953     0.1366     0.0000
  241.6000   403.2000  2133.6000    -0.1801     0.1298     0.0000
  271.8000   403.2000  2133.6000    -0.0711     0.1252     0.0000
  302.0000   403.2000  2133.6000     0.0000     0.0005     0.0000
    0.0000   448.0000  2133.6000    -0.0036     0.0000     0.0000
   30.2000   448.0000  2133.6000    -0.0035     0.0000     0.0000
   60.4000   448.0000  2133.6000    -0.0033     0.0000     0.0000
   90.6000   448.0000  2133.6000    -0.0030     0.0000     0.0000
  120.8000   448.0000  2133.6000    -0.0026     0.0000     0.0000
  151.0000   448.0000  2133.6000    -0.0022     0.0000     0.0000
  181.2000   448.0000  2133.6000    -0.0017     0.0000     0.0000
  211.4000   448.0000  2133.6000    -0.0012     0.0000     0.0000
  241.6000   448.0000  2133.6000    -0.0007     0.0000     0.0000
  271.8000   448.0000  2133.6000    -0.0003     0.0000     0.0000
  302.0000   448.0000  2133.6000     0.0000     0.0000     0.0000
    0.0000     0.0000  2438.4000     0.0000     0.0000     0.0000
   30.2000     0.0000  2438.4000     0.0000     0.3336     0.0000
   60.4000     0.0000  2438.4000     0.0000     0.6152     0.0000
   90.6000     0.0000  2438.4000     0.0000     0.9656     0.0000
  120.8000     0.0000  2438.4000     0.0000     0.8509     0.0000
  151.0000     0.0000  2438.4000     0.0000     0.5188     0.0000
  181.2000     0.0000  2438.4000     0.0000     0.3118     0.0000
  211.4000     0.0000  2438.4000     0.0000     0.1656     0.0000
  241.6000     0.0000  2438.4000     0.0000     0.0475     0.0000
  271.8000     0.0000  2438.4000     0.0000    -1.9697     0.0000
  302.0000     0.0000  2438.4000     0.0000    -0.0079     0.0000
    0.0000    44.8000  2438.4000     0.6524     0.0000     0.0000
   30.2000    44.8000  2438.4000     0.3931     0.4923     0.0000
   60.4000    44.8000  2438.4000     0.6598     0.4184     0.0000
   90.6000    44.8000  2438.4000     0.5424     0.9351     0.0000
  120.8000    44.8000  2438.4000     0.9568     1.0857     0.0000
  151.0000    44.8000  2438.4000     0.9470     1.0928     0.0000
  181.2000    44.8000  2438.4000    -0.0983     0.2448     0.0000
  211.4000    44.8000  2438.4000    -0.0430     0.1347     0.0000
  241.6000    44.8000  2438.4000    -0.0193     0.0402     0.0000
  271.8000    44.8000  2438.4000    -0.0046    -1.9855     0.0000
  302.0000    44.8000  2438.4000     0.0000    -0.0079     0.0000
    0.0000    89.6000  2438.4000     1.1671     0.0000     0.0000
   30.2000    89.6000  2438.4000     1.2861     0.6233     0.0000
   60.4000    89.6000  2438.4000     1.0515     0.8012     0.0000
   90.6000    89.6000  2438.4000     0.9129     0.8991     0.0000
  120.8000    89.6000  2438.4000     0.8993     0.9458     0.0000
  151.0000    89.6000  2438.4000     0.9372     0.9213     0.0000
  181.2000    89.6000  2438.4000     1.0138     0.8475     0.0000
  211.4000    89.6000  2438.4000     1.1406     0.7770     0.0000
  241.6000    89.6000  2438.4000     0.0040     0.0163     0.0000
  271.8000    89.6000  2438.4000     0.3574    -2.0623     0.0000
  302.0000    89.6000  2438.4000     0.0000    -0.0069     0.0000
    0.0000   134.4000  2438.4000     0.6631     0.0000     0.0000
   30.2000   134.4000  2438.4000     0.5764    -0.0985     0.0000
   60.4000   134.4000  2438.4000     1.0433     1.0443     0.0000
   90.6000   134.4000  2438.4000     0.9403     1.0288     0.0000
  120.8000   134.4000  2438.4000     0.8546     0.9857     0.0000
  151.0000   134.4000  2438.4000     0.8106     0.8940     0.0000
  181.2000   134.4000  2438.4000     0.8106     0.7453     0.0000
  211.4000   134.4000  2438.4000     0.8499     0.5120     0.0000
  241.6000   134.4000  2438.4000     0.8464     0.1001     0.0000
  271.8000   134.4000  2438.4000     0.4531    -0.3739     0.0000
  302.0000   134.4000  2438.4000     0.0000    -0.0020     0.0000
    0.0000   179.2000  2438.4000     0.3219     0.0000     0.0000
   30.2000   179.2000  2438.4000     0.2895    -0.0782     0.0000
   60.4000   179.2000  2438.4000     1.0495     1.2506     0.0000
   90.6000   179.2000  2438.4000     0.8892     1.2272     0.0000
  120.8000   179.2000  2438.4000     0.7128     1.1461     0.0000
  151.0000   179.2000  2438.4000     0.5851     0.9840     0.0000
  181.2000   179.2000  2438.4000     0.5157     0.7830     0.0000
  211.4000   179.2000  2438.4000     0.4598     0.5654     0.0000
  241.6000   179.2000  2438.4000     0.3582     0.3485     0.0000
  271.8000   179.2000  2438.4000     0.1672     0.1892     0.0000
  302.0000   179.2000  2438.4000     0.0000     0.0006     0.0000
    0.0000   224.0000  2438.4000     0.1163     0.0000     0.0000
   30.2000   224.0000  2438.4000     0.1059    -0.0230     0.0000
   60.4000   224.0000  2438.4000     0.0800    -0.0286     0.0000
   90.6000   224.0000  2438.4000     1.0280     1.6334     0.0000
  120.8000   224.0000  2438.4000     0.3681     1.5210     0.0000
  151.0000   224.0000  2438.4000     0.2109     1.1309     0.0000
  181.2000   224.0000  2438.4000     0.1837     0.8515     0.0000
  211.4000   224.0000  2438.4000     0.1675     0.6467     0.0000
  241.6000   224.0000  2438.4000     0.1282     0.4975     0.0000
  271.8000   224.0000  2438.4000     0.0581     0.4098     0.0000
  302.0000   224.0000  2438.4000     0.0000     0.0015     0.0000
    0.0000   268.8000  2438.4000    -1.2299     0.0000     0.0000
   30.2000   268.8000  2438.4000    -1.2770     0.0195     0.0000
   60.4000   268.8000  2438.4000    -1.4589     0.0922     0.0000
   90.6000   268.8000  2438.4000    -2.1572     0.7404     0.0000
  120.8000   268.8000  2438.4000    -0.6913     1.3955     0.0000
  151.0000   268.8000  2438.4000    -0.3042     1.0121     0.0000
  181.2000   268.8000  2438.4000    -0.1449     0.7783     0.0000
  211.4000   268.8000  2438.4000    -0.0623     0.6208     0.0000
  241.6000   268.8000  2438.4000    -0.0208     0.5158     0.0000
  271.8000   268.8000  2438.4000    -0.0042     0.4586     0.0000
  302.0000   268.8000  2438.4000     0.0000     0.0018     0.0000
    0.0000   313.6000  2438.4000    -1.1379     0.0000     0.0000
   30.2000   313.6000  2438.4000    -1.1446     0.1026     0.0000
   60.4000   313.6000  2438.4000    -1.1463     0.2538     0.0000
   90.6000   313.6000  2438.4000    -1.0575     0.4702     0.0000
  120.8000   313.6000  2438.4000    -0.8012     0.6260     0.0000
  151.0000   313.6000  2438.4000    -0.5320     0.6291     0.0000
  181.2000   313.6000  2438.4000    -0.3393     0.5621     0.0000
  211.4000   313.6000  2438.4000    -0.2077     0.4887     0.0000
  241.6000   313.6000  2438.4000    -0.1143     0.4316     0.0000
  271.8000   313.6000  2438.4000    -0.0426     0.3990     0.0000
  302.0000   313.6000  2438.4000     0.0000     0.0016     0.0000
    0.0000   358.4000  2438.4000    -1.0032     0.0000     0.0000
   30.2000   358.4000  2438.4000    -0.9898     0.0815     0.0000
   60.4000   358.4000  2438.4000    -0.9442     0.1701     0.0000
   90.6000   358.4000  2438.4000    -0.8519     0.2584     0.0000
  120.8000   358.4000  2438.4000    -0.7132     0.3227     0.0000
  151.0000   358.4000  2438.4000    -0.5544     0.3466     0.0000
  181.2000   358.4000  2438.4000    -0.4039     0.3378     0.0000
  211.4000   358.4000  2438.4000    -0.2734     0.3146     0.0000
  241.6000   358.4000  2438.4000    -0.1617     0.2913     0.0000
  271.8000   358.4000  2438.4000    -0.0628     0.2767     0.0000
  302.0000   358.4000  2438.4000     0.0000     0.0011     0.0000
    0.0000   403.2000  2438.4000    -0.9165     0.0000     0.0000
   30.2000   403.2000  2438.4000    -0.9003     0.0363     0.0000
   60.4000   403.2000  2438.4000    -0.8527     0.0721     0.0000
   90.6000   403.2000  2438.4000    -0.7733     0.1046     0.0000
  120.8000   403.2000  2438.4000    -0.6670     0.1285     0.0000
  151.0000   403.2000  2438.4000    -0.5445     0.1405     0.0000
  181.2000   403.2000  2438.4000    -0.4178     0.1417     0.0000
  211.4000   403.2000  2438.4000    -0.2953     0.1366     0.0000
  241.6000   403.2000  2438.4000    -0.1801     0.1298     0.0000
  271.8000   403.2000  2438.4000    -0.0711     0.1252     0.0000
  302.0000   403.2000  2438.4000     0.0000     0.0005     0.0000
    0.0000   448.0000  2438.4000    -0.0036     0.0000     0.0000
   30.2000   448.0000  2438.4000    -0.0035     0.0000     0.0000
   60.4000   448.0000  2438.4000    -0.0033     0.0000     0.0000
   90.6000   448.0000  2438.4000    -0.0030     0.0000     0.0000
  120.8000   448.0000  2438.4000    -0.0026     0.0000     0.0000
  151.0000   448.0000  2438.4000    -0.0022     0.0000     0.0000
  181.2000   448.0000  2438.4000    -0.0017     0.0000     0.0000
  211.4000   448.0000  2438.4000    -0.0012     0.0000     0.0000
  241.6000   448.0000  2438.4000    -0.0007     0.0000     0.0000
  271.8000   448.0000  2438.4000    -0.0003     0.0000     0.0000
  302.0000   448.0000  2438.4000     0.0000     0.0000     0.0000
    0.0000     0.0000  2743.2000     0.0000     0.0000     0.0000
   30.2000     0.0000  2743.2000     0.0000     0.3336     0.0000
   60.4000     0.0000  2743.2000     0.0000     0.6152     0.0000
   90.6000     0.0000  2743.2000     0.0000     0.9656     0.0000
  120.8000     0.0000  2743.2000     0.0000     0.8509     0.0000
  151.0000     0.0000  2743.2000     0.0000     0.5188     0.0000
  181.2000     0.0000  2743.2000     0.0000     0.3118     0.0000
  211.4000     0.0000  2743.2000     0.0000     0.1656     0.0000
  241.6000     0.0000  2743.2000     0.0000     0.0475     0.0000
  271.8000     0.0000  2743.2000     0.0000    -1.9697     0.0000
  302.0000     0.0000  2743.2000     0.0000    -0.0079     0.0000
    0.0000    44.8000  2743.2000     0.6524     0.0000     0.0000
   30.2000    44.8000  2743.2000     0.3931     0.4923     0.0000
   60.4000    44.8000  2743.2000     0.6598     0.4184     0.0000
   90.6000    44.8000  2743.2000     0.5424     0.9351     0.0000
  120.8000    44.8000  2743.2000     0.9568     1.0857     0.0000
  151.0000    44.8000  2743.2000     0.9470     1.0928     0.0000
  181.2000    44.8000  2743.2000    -0.0983     0.2448     0.0000
  211.4000    44.8000  2743.2000    -0.0430     0.1347     0.0000
  241.6000    44.8000  2743.2000    -0.0193     0.0402     0.0000
  271.8000    44.8000  2743.2000    -0.0046    -1.9855     0.0000
  302.0000    44.8000  2743.2000     0.0000    -0.0079     0.0000
    0.0000    89.6000  2743.2000     1.1671     0.0000     0.0000
   30.2000    89.6000  2743.2000     1.2861     0.6233     0.0000
   60.4000    89.6000  2743.2000     1.0515     0.8012     0.0000
   90.6000    89.6000  2743.2000     0.9129     0.8991     0.0000
  120.8000    89.6000  2743.2000     0.8993     0.9458     0.0000
  151.0000    89.6000  2743.2000     0.9372     0.9213     0.0000
  181.2000    89.6000  2743.2000     1.0138     0.8475     0.0000
  211.4000    89.6000  2743.2000     1.1406     0.7770     0.0000
  241.6000    89.6000  2743.2000     0.0040     0.0163     0.0000
  271.8000    89.6000  2743.2000     0.3574    -2.0623     0.0000
  302.0000    89.6000  2743.2000     0.0000    -0.0069     0.0000
    0.0000   134.4000  2743.2000     0.6631     0.0000     0.0000
   30.2000   134.4000  2743.2000     0.5764    -0.0985     0.0000
   60.4000   134.4000  2743.2000     1.0433     1.0443     0.0000
   90.6000   134.4000  2743.2000     0.9403     1.0288     0.0000
  120.8000   134.4000  2743.2000     0.8546     0.9857     0.0000
  151.0000   134.4000  2743.2000     0.8106     0.8940     0.0000
  181.2000   134.4000  2743.2000     0.8106     0.7453     0.0000
  211.4000   134.4000  2743.2000     0.8499     0.5120     0.0000
  241.6000   134.4000  2743.2000     0.8464     0.1001     0.0000
  271.8000   134.4000  2743.2000     0.4531    -0.3739     0.0000
  302.0000   134.4000  2743.2000     0.0000    -0.0020     0.0000
    0.0000   179.2000  2743.2000     0.3219     0.0000     0.0000
   30.2000   179.2000  2743.2000     0.2895    -0.0782     0.0000
   60.4000   179.2000  2743.2000     1.0495     1.2506     0.0000
   90.6000   179.2000  2743.2000     0.8892     1.2272     0.0000
  120.8000   179.2000  2743.2000     0.7128     1.1461     0.0000
  151.0000   179.2000  2743.2000     0.5851     0.9840     0.0000
  181.2000   179.2000  2743.2000     0.5157     0.7830     0.0000
  211.4000   179.2000  2743.2000     0.4598     0.5654     0.0000
  241.6000   179.2000  2743.2000     0.3582     0.3485     0.0000
  271.8000   179.2000  2743.2000     0.1672     0.1892     0.0000
  302.0000   179.2000  2743.2000     0.0000     0.0006     0.0000
    0.0000   224.0000  2743.2000     0.1163     0.0000     0.0000
   30.2000   224.0000  2743.2000     0.1059    -0.0230     0.0000
   60.4000   224.0000  2743.2000     0.0800    -0.0286     0.0000
   90.6000   224.0000  2743.2000     1.0280     1.6334     0.0000
  120.8000   224.0000  2743.2000     0.3681     1.5210     0.0000
  151.0000   224.0000  2743.2000     0.2109     1.1309     0.0000
  181.2000   224.0000  2743.2000     0.1837     0.8515     0.0000
  211.4000   224.0000  2743.2000     0.1675     0.6467     0.0000
  241.6000   224.0000  2743.2000     0.1282     0.4975     0.0000
  271.8000   224.0000  2743.2000     0.0581     0.4098     0.0000
  302.0000   224.0000  2743.2000     0.0000     0.0015     0.0000
    0.0000   268.8000  2743.2000    -1.2299     0.0000     0.0000
   30.2000   268.8000  2743.2000    -1.2770     0.0195     0.0000
   60.4000   268.8000  2743.2000    -1.4589     0.0922     0.0000
   90.6000   268.8000  2743.2000    -2.1572     0.7404     0.0000
  120.8000   268.8000  2743.2000    -0.6913     1.3955     0.0000
  151.0000   268.8000  2743.2000    -0.3042     1.0121     0.0000
  181.2000   268.8000  2743.2000    -0.1449     0.7783     0.0000
  211.4000   268.8000  2743.2000    -0.0623     0.6208     0.0000
  241.6000   268.8000  2743.2000    -0.0208     0.5158     0.0000
  271.8000   268.8000  2743.2000    -0.0042     0.4586     0.0000
  302.0000   268.8000  2743.2000     0.0000     0.0018     0.0000
    0.0000   313.6000  2743.2000    -1.1379     0.0000     0.0000
   30.2000   313.6000  2743.2000    -1.1446     0.1026     0.0000
   60.4000   313.6000  2743.2000    -1.1463     0.2538     0.0000
   90.6000   313.6000  2743.2000    -1.0575     0.4702     0.0000
  120.8000   313.6000  2743.2000    -0.8012     0.6260     0.0000
  151.0000   313.6000  2743.2000    -0.5320     0.6291     0.0000
  181.2000   313.6000  2743.2000    -0.3393     0.5621     0.0000
  211.4000   313.6000  2743.2000    -0.2077     0.4887     0.0000
  241.6000   313.6000  2743.2000    -0.1143     0.4316     0.0000
  271.8000   313.6000  2743.2000    -0.0426     0.3990     0.0000
  302.0000   313.6000  2743.2000     0.0000     0.0016     0.0000
    0.0000   358.4000  2743.2000    -1.0032     0.0000     0.0000
   30.2000   358.4000  2743.2000    -0.9898     0.0815     0.0000
   60.4000   358.4000  2743.2000    -0.9442     0.1701     0.0000
   90.6000   358.4000  2743.2000    -0.8519     0.2584     0.0000
  120.8000   358.4000  2743.2000    -0.7132     0.3227     0.0000
  151.0000   358.4000  2743.2000    -0.5544     0.3466     0.0000
  181.2000   358.4000  2743.2000    -0.4039     0.3378     0.0000
  211.4000   358.4000  2743.2000    -0.2734     0.3146     0.0000
  241.6000   358.4000  2743.2000    -0.1617     0.2913     0.0000
  271.8000   358.4000  2743.2000    -0.0628     0.2767     0.0000
  302.0000   358.4000  2743.2000     0.0000     0.0011     0.0000
    0.0000   403.2000  2743.2000    -0.9165     0.0000     0.0000
   30.2000   403.2000  2743.2000    -0.9003     0.0363     0.0000
   60.4000   403.2000  2743.2000    -0.8527     0.0721     0.0000
   90.6000   403.2000  2743.2000    -0.7733     0.1046     0.0000
  120.8000   403.2000  2743.2000    -0.6670     0.1285     0.0000
  151.0000   403.2000  2743.2000    -0.5445     0.1405     0.0000
  181.2000   403.2000  2743.2000    -0.4178     0.1417     0.0000
  211.4000   403.2000  2743.2000    -0.2953     0.1366     0.0000
  241.6000   403.2000  2743.2000    -0.1801     0.1298     0.0000
  271.8000   403.2000  2743.2000    -0.0711     0.1252     0.0000
  302.0000   403.2000  2743.2000     0.0000     0.0005     0.0000
    0.0000   448.0000  2743.2000    -0.0036     0.0000     0.0000
   30.2000   448.0000  2743.2000    -0.0035     0.0000     0.0000
   60.4000   448.0000  2743.2000    -0.0033     0.0000     0.0000
   90.6000   448.0000  2743.2000    -0.0030     0.0000     0.0000
  120.8000   448.0000  2743.2000    -0.0026     0.0000     0.0000
  151.0000   448.0000  2743.2000    -0.0022     0.0000     0.0000
  181.2000   448.0000  2743.2000    -0.0017     0.0000     0.0000
  211.4000   448.0000  2743.2000    -0.0012     0.0000     0.0000
  241.6000   448.0000  2743.2000    -0.0007     0.0000     0.0000
  271.8000   448.0000  2743.2000    -0.0003     0.0000     0.0000
  302.0000   448.0000  2743.2000     0.0000     0.0000     0.0000
    0.0000     0.0000  3048.0000     0.0000     0.0000     0.0000
   30.2000     0.0000  3048.0000     0.0000     0.3336     0.0000
   60.4000     0.0000  3048.0000     0.0000     0.6152     0.0000
   90.6000     0.0000  3048.0000     0.0000     0.9656     0.0000
  120.8000     0.0000  3048.0000     0.0000     0.8509     0.0000
  151.0000     0.0000  3048.0000     0.0000     0.5188     0.0000
  181.2000     0.0000  3048.0000     0.0000     0.3118     0.0000
  211.4000     0.0000  3048.0000     0.0000     0.1656     0.0000
  241.6000     0.0000  3048.0000     0.0000     0.0475     0.0000
  271.8000     0.0000  3048.0000     0.0000    -1.9697     0.0000
  302.0000     0.0000  3048.0000     0.0000    -0.0079     0.0000
    0.0000    44.8000  3048.0000     0.6524     0.0000     0.0000
   30.2000    44.8000  3048.0000     0.3931     0.4923     0.0000
   60.4000    44.8000  3048.0000     0.6598     0.4184     0.0000
   90.6000    44.8000  3048.0000     0.5424     0.9351     0.0000
  120.8000    44.8000  3048.0000     0.9568     1.0857     0.0000
  151.0000    44.8000  3048.0000     0.9470     1.0928     0.0000
  181.2000    44.8000  3048.0000    -0.0983     0.2448     0.0000
  211.4000    44.8000  3048.0000    -0.0430     0.1347     0.0000
  241.6000    44.8000  3048.0000    -0.0193     0.0402     0.0000
  271.8000    44.8000  3048.0000    -0.0046    -1.9855     0.0000
  302.0000    44.8000  3048.0000     0.0000    -0.0079     0.0000
    0.0000    89.6000  3048.0000     1.1671     0.0000     0.0000
   30.2000    89.6000  3048.0000     1.2861     0.6233     0.0000
   60.4000    89.6000  3048.0000     1.0515     0.8012     0.0000
   90.6000    89.6000  3048.0000     0.9129     0.8991     0.0000
  120.8000    89.6000  3048.0000     0.8993     0.9458     0.0000
  151.0000    89.6000  3048.0000     0.9372     0.9213     0.0000
  181.2000    89.6000  3048.0000     1.0138     0.8475     0.0000
  211.4000    89.6000  3048.0000     1.1406     0.7770     0.0000
  241.6000    89.6000  3048.0000     0.0040     0.0163     0.0000
  271.8000    89.6000  3048.0000     0.3574    -2.0623     0.0000
  302.0000    89.6000  3048.0000     0.0000    -0.0069     0.0000
    0.0000   134.4000  3048.0000     0.6631     0.0000     0.0000
   30.2000   134.4000  3048.0000     0.5764    -0.0985     0.0000
   60.4000   134.4000  3048.0000     1.0433     1.0443     0.0000
   90.6000   134.4000  3048.0000     0.9403     1.0288     0.0000
  120.8000   134.4000  3048.0000     0.8546     0.9857     0.0000
  151.0000   134.4000  3048.0000     0.8106     0.8940     0.0000
  181.2000   134.4000  3048.0000     0.8106     0.7453     0.0000
  211.4000   134.4000  3048.0000     0.8499     0.5120     0.0000
  241.6000   134.4000  3048.0000     0.8464     0.1001     0.0000
  271.8000   134.4000  3048.0000     0.4531    -0.3739     0.0000
  302.0000   134.4000  3048.0000     0.0000    -0.0020     0.0000
    0.0000   179.2000  3048.0000     0.3219     0.0000     0.0000
   30.2000   179.2000  3048.0000     0.2895    -0.0782     0.0000
   60.4000   179.2000  3048.0000     1.0495     1.2506     0.0000
   90.6000   179.2000  3048.0000     0.8892     1.2272     0.0000
  120.8000   179.2000  3048.0000     0.7128     1.1461     0.0000
  151.0000   179.2000  3048.0000     0.5851     0.9840     0.0000
  181.2000   179.2000  3048.0000     0.5157     0.7830     0.0000
  211.4000   179.2000  3048.0000     0.4598     0.5654     0.0000
  241.6000   179.2000  3048.0000     0.3582     0.3485     0.0000
  271.8000   179.2000  3048.0000     0.1672     0.1892     0.0000
  302.0000   179.2000  3048.0000     0.0000     0.0006     0.0000
    0.0000   224.0000  3048.0000     0.1163     0.0000     0.0000
   30.2000   224.0000  3048.0000     0.1059    -0.0230     0.0000
   60.4000   224.0000  3048.0000     0.0800    -0.0286     0.0000
   90.6000   224.0000  3048.0000     1.0280     1.6334     0.0000
  120.8000   224.0000  3048.0000     0.3681     1.5210     0.0000
  151.0000   224.0000  3048.0000     0.2109     1.1309     0.0000
  181.2000   224.0000  3048.0000     0.1837     0.8515     0.0000
  211.4000   224.0000  3048.0000     0.1675     0.6467     0.0000
  241.6000   224.0000  3048.0000     0.1282     0.4975     0.0000
  271.8000   224.0000  3048.0000     0.0581     0.4098     0.0000
  302.0000   224.0000  3048.0000     0.0000     0.0015     0.0000
    0.0000   268.8000  3048.0000    -1.2299     0.0000     0.0000
   30.2000   268.8000  3048.0000    -1.2770     0.0195     0.0000
   60.4000   268.8000  3048.0000    -1.4589     0.0922     0.0000
   90.6000   268.8000  3048.0000    -2.1572     0.7404     0.0000
  120.8000   268.8000  3048.0000    -0.6913     1.3955     0.0000
  151.0000   268.8000  3048.0000    -0.3042     1.0121     0.0000
  181.2000   268.8000  3048.0000    -0.1449     0.7783     0.0000
  211.4000   268.8000  3048.0000    -0.0623     0.6208     0.0000
  241.6000   268.8000  3048.0000    -0.0208     0.5158     0.0000
  271.8000   268.8000  3048.0000    -0.0042     0.4586     0.0000
  302.0000   268.8000  3048.0000     0.0000     0.0018     0.0000
    0.0000   313.6000  3048.0000    -1.1379     0.0000     0.0000
   30.2000   313.6000  3048.0000    -1.1446     0.1026     0.0000
   60.4000   313.6000  3048.0000    -1.1463     0.2538     0.0000
   90.6000   313.6000  3048.0000    -1.0575     0.4702     0.0000
  120.8000   313.6000  3048.0000    -0.8012     0.6260     0.0000
  151.0000   313.6000  3048.0000    -0.5320     0.6291     0.0000
  181.2000   313.6000  3048.0000    -0.3393     0.5621     0.0000
  211.4000   313.6000  3048.0000    -0.2077     0.4887     0.0000
  241.6000   313.6000  3048.0000    -0.1143     0.4316     0.0000
  271.8000   313.6000  3048.0000    -0.0426     0.3990     0.0000
  302.0000   313.6000  3048.0000     0.0000     0.0016     0.0000
    0.0000   358.4000  3048.0000    -1.0032     0.0000     0.0000
   30.2000   358.4000  3048.0000    -0.9898     0.0815     0.0000
   60.4000   358.4000  3048.0000    -0.9442     0.1701     0.0000
   90.6000   358.4000  3048.0000    -0.8519     0.2584     0.0000
  120.8000   358.4000  3048.0000    -0.7132     0.3227     0.0000
  151.0000   358.4000  3048.0000    -0.5544     0.3466     0.0000
  181.2000   358.4000  3048.0000    -0.4039     0.3378     0.0000
  211.4000   358.4000  3048.0000    -0.2734     0.3146     0.0000
  241.6000   358.4000  3048.0000    -0.1617     0.2913     0.0000
  271.8000   358.4000  3048.0000    -0.0628     0.2767     0.0000
  302.0000   358.4000  3048.0000     0.0000     0.0011     0.0000
    0.0000   403.2000  3048.0000    -0.9165     0.0000     0.0000
   30.2000   403.2000  3048.0000    -0.9003     0.0363     0.0000
   60.4000   403.2000  3048.0000    -0.8527     0.0721     0.0000
   90.6000   403.2000  3048.0000    -0.7733     0.1046     0.0000
  120.8000   403.2000  3048.0000    -0.6670     0.1285     0.0000
  151.0000   403.2000  3048.0000    -0.5445     0.1405     0.0000
  181.2000   403.2000  3048.0000    -0.4178     0.1417     0.0000
  211.4000   403.2000  3048.0000    -0.2953     0.1366     0.0000
  241.6000   403.2000  3048.0000    -0.1801     0.1298     0.0000
  271.8000   403.2000  3048.0000    -0.0711     0.1252     0.0000
  302.0000   403.2000  3048.0000     0.0000     0.0005     0.0000
    0.0000   448.0000  3048.0000    -0.0036     0.0000     0.0000
   30.2000   448.0000  3048.0000    -0.0035     0.0000     0.0000
   60.4000   448.0000  3048.0000    -0.0033     0.0000     0.0000
   90.6000   448.0000  3048.0000    -0.0030     0.0000     0.0000
  120.8000   448.0000  3048.0000    -0.0026     0.0000     0.0000
  151.0000   448.0000  3048.0000    -0.0022     0.0000     0.0000
  181.2000   448.0000  3048.0000    -0.0017     0.0000     0.0000
  211.4000   448.0000  3048.0000    -0.0012     0.0000     0.0000
  241.6000   448.0000  3048.0000    -0.0007     0.0000     0.0000
  271.8000   448.0000  3048.0000    -0.0003     0.0000     0.0000
  302.0000   448.0000  3048.0000     0.0000     0.0000     0.0000
