# Using the "point-wise" input file format from pg 179 of G4BL user guide
#   x [mm]     y [mm]     z [mm]     Bx [T]     By [T]     Bz [T]     
param current=844.0
grid X0=0.0 Y0=0.0 Z0=0.0 nX=11 nY=11 nZ=10 dX=22.8600 dY=18.4150 dZ=304.8000 tolerance=0.0001
extendX flip=Bx
extendY
data
    0.0000     0.0000     0.0000     0.0000    -0.8203     0.0000
   22.8600     0.0000     0.0000     0.0000    -0.8195     0.0000
   45.7200     0.0000     0.0000     0.0000    -0.7995     0.0000
   68.5800     0.0000     0.0000     0.0000    -0.5778     0.0000
   91.4400     0.0000     0.0000     0.0000    -0.2630     0.0000
  114.3000     0.0000     0.0000     0.0000    -0.1024     0.0000
  137.1600     0.0000     0.0000     0.0000     0.9712     0.0000
  160.0200     0.0000     0.0000     0.0000     1.0306     0.0000
  182.8800     0.0000     0.0000     0.0000     1.0420     0.0000
  205.7400     0.0000     0.0000     0.0000     0.0042     0.0000
  228.6000     0.0000     0.0000     0.0000     0.0041     0.0000
    0.0000    18.4150     0.0000     0.0000    -0.8730     0.0000
   22.8600    18.4150     0.0000     0.0004    -0.8207     0.0000
   45.7200    18.4150     0.0000    -0.0026    -0.8403     0.0000
   68.5800    18.4150     0.0000     0.4377    -0.5815     0.0000
   91.4400    18.4150     0.0000     0.1501    -0.2078     0.0000
  114.3000    18.4150     0.0000     0.0874    -0.0879     0.0000
  137.1600    18.4150     0.0000     0.0724     1.0110     0.0000
  160.0200    18.4150     0.0000     0.0146     1.0443     0.0000
  182.8800    18.4150     0.0000    -0.0006     1.0445     0.0000
  205.7400    18.4150     0.0000    -0.0000     0.0042     0.0000
  228.6000    18.4150     0.0000    -0.0000     0.0041     0.0000
    0.0000    36.8300     0.0000     0.0000    -0.9100     0.0000
   22.8600    36.8300     0.0000     0.1042    -0.9451     0.0000
   45.7200    36.8300     0.0000     0.2649    -1.0949     0.0000
   68.5800    36.8300     0.0000     0.3047    -0.0477     0.0000
   91.4400    36.8300     0.0000     0.1646    -0.1065     0.0000
  114.3000    36.8300     0.0000     0.0986    -0.0577     0.0000
  137.1600    36.8300     0.0000     0.0807     1.0924     0.0000
  160.0200    36.8300     0.0000     0.0068     1.0760     0.0000
  182.8800    36.8300     0.0000    -0.0116     1.0467     0.0000
  205.7400    36.8300     0.0000    -0.0001     0.0041     0.0000
  228.6000    36.8300     0.0000    -0.0000     0.0041     0.0000
    0.0000    55.2450     0.0000     0.0000    -0.9594     0.0000
   22.8600    55.2450     0.0000     0.0264    -1.0150     0.0000
   45.7200    55.2450     0.0000     0.0915    -1.1791     0.0000
   68.5800    55.2450     0.0000     0.1549    -0.0181     0.0000
   91.4400    55.2450     0.0000     0.1146    -0.0486     0.0000
  114.3000    55.2450     0.0000     0.0772    -0.0317     0.0000
  137.1600    55.2450     0.0000     0.0650     1.1855     0.0000
  160.0200    55.2450     0.0000    -0.0427     1.1153     0.0000
  182.8800    55.2450     0.0000    -0.0435     1.0349     0.0000
  205.7400    55.2450     0.0000    -0.0003     0.0040     0.0000
  228.6000    55.2450     0.0000    -0.0000     0.0039     0.0000
    0.0000    73.6600     0.0000     0.0000    -0.9365     0.0000
   22.8600    73.6600     0.0000    -0.0796    -1.0072     0.0000
   45.7200    73.6600     0.0000    -0.1109    -1.2463     0.0000
   68.5800    73.6600     0.0000     0.0657    -0.0115     0.0000
   91.4400    73.6600     0.0000     0.0549    -0.0257     0.0000
  114.3000    73.6600     0.0000     0.0393    -0.0165     0.0000
  137.1600    73.6600     0.0000     0.0309     1.3420     0.0000
  160.0200    73.6600     0.0000    -0.1759     1.1499     0.0000
  182.8800    73.6600     0.0000    -0.1046     0.9831     0.0000
  205.7400    73.6600     0.0000    -0.0005     0.0037     0.0000
  228.6000    73.6600     0.0000    -0.0000     0.0036     0.0000
    0.0000    92.0750     0.0000     0.0000    -0.8247     0.0000
   22.8600    92.0750     0.0000    -0.2004    -0.8906     0.0000
   45.7200    92.0750     0.0000    -0.4708    -1.1899     0.0000
   68.5800    92.0750     0.0000    -0.0058    -0.0166     0.0000
   91.4400    92.0750     0.0000    -0.0032    -0.0199     0.0000
  114.3000    92.0750     0.0000    -0.0039    -0.0105     0.0000
  137.1600    92.0750     0.0000    -0.7130     1.2139     0.0000
  160.0200    92.0750     0.0000    -0.4372     1.0608     0.0000
  182.8800    92.0750     0.0000    -0.1852     0.8535     0.0000
  205.7400    92.0750     0.0000    -0.0008     0.0032     0.0000
  228.6000    92.0750     0.0000    -0.0000     0.0031     0.0000
    0.0000   110.4900     0.0000     0.0000    -0.6337     0.0000
   22.8600   110.4900     0.0000    -0.2825    -0.6638     0.0000
   45.7200   110.4900     0.0000    -0.6784    -0.7143     0.0000
   68.5800   110.4900     0.0000    -1.2107    -0.4297     0.0000
   91.4400   110.4900     0.0000    -1.2011    -0.0835     0.0000
  114.3000   110.4900     0.0000    -1.2169     0.1131     0.0000
  137.1600   110.4900     0.0000    -1.1589     0.5118     0.0000
  160.0200   110.4900     0.0000    -0.5962     0.6972     0.0000
  182.8800   110.4900     0.0000    -0.2448     0.6401     0.0000
  205.7400   110.4900     0.0000    -0.0010     0.0025     0.0000
  228.6000   110.4900     0.0000    -0.0000     0.0024     0.0000
    0.0000   128.9050     0.0000     0.0000    -0.3990     0.0000
   22.8600   128.9050     0.0000    -0.3063    -0.4034     0.0000
   45.7200   128.9050     0.0000    -0.6424    -0.3806     0.0000
   68.5800   128.9050     0.0000    -0.9383    -0.2470     0.0000
   91.4400   128.9050     0.0000    -1.0520    -0.0682     0.0000
  114.3000   128.9050     0.0000    -1.0463     0.0927     0.0000
  137.1600   128.9050     0.0000    -0.9019     0.2753     0.0000
  160.0200   128.9050     0.0000    -0.5890     0.3830     0.0000
  182.8800   128.9050     0.0000    -0.2657     0.3937     0.0000
  205.7400   128.9050     0.0000    -0.0010     0.0016     0.0000
  228.6000   128.9050     0.0000    -0.0000     0.0016     0.0000
    0.0000   147.3200     0.0000     0.0000    -0.1538     0.0000
   22.8600   147.3200     0.0000    -0.3053    -0.1524     0.0000
   45.7200   147.3200     0.0000    -0.6027    -0.1370     0.0000
   68.5800   147.3200     0.0000    -0.8417    -0.0907     0.0000
   91.4400   147.3200     0.0000    -0.9603    -0.0271     0.0000
  114.3000   147.3200     0.0000    -0.9510     0.0370     0.0000
  137.1600   147.3200     0.0000    -0.8122     0.0994     0.0000
  160.0200   147.3200     0.0000    -0.5615     0.1390     0.0000
  182.8800   147.3200     0.0000    -0.2665     0.1497     0.0000
  205.7400   147.3200     0.0000    -0.0008     0.0006     0.0000
  228.6000   147.3200     0.0000    -0.0000     0.0009     0.0000
    0.0000   165.7350     0.0000     0.0000    -0.0010     0.0000
   22.8600   165.7350     0.0000    -0.0012    -0.0009     0.0000
   45.7200   165.7350     0.0000    -0.0023    -0.0008     0.0000
   68.5800   165.7350     0.0000    -0.0032    -0.0005     0.0000
   91.4400   165.7350     0.0000    -0.0036    -0.0002     0.0000
  114.3000   165.7350     0.0000    -0.0036     0.0002     0.0000
  137.1600   165.7350     0.0000    -0.0031     0.0006     0.0000
  160.0200   165.7350     0.0000    -0.0022     0.0008     0.0000
  182.8800   165.7350     0.0000    -0.0011     0.0007     0.0000
  205.7400   165.7350     0.0000    -0.0004     0.0004     0.0000
  228.6000   165.7350     0.0000    -0.0000     0.0004     0.0000
    0.0000   184.1500     0.0000     0.0000     0.0000     0.0000
   22.8600   184.1500     0.0000    -0.0012     0.0000     0.0000
   45.7200   184.1500     0.0000    -0.0022     0.0000     0.0000
   68.5800   184.1500     0.0000    -0.0031     0.0000     0.0000
   91.4400   184.1500     0.0000    -0.0035     0.0000     0.0000
  114.3000   184.1500     0.0000    -0.0035     0.0000     0.0000
  137.1600   184.1500     0.0000    -0.0030     0.0000     0.0000
  160.0200   184.1500     0.0000    -0.0021     0.0000     0.0000
  182.8800   184.1500     0.0000    -0.0012     0.0000     0.0000
  205.7400   184.1500     0.0000    -0.0005     0.0000     0.0000
  228.6000   184.1500     0.0000    -0.0000     0.0000     0.0000
    0.0000     0.0000   304.8000     0.0000    -0.8203     0.0000
   22.8600     0.0000   304.8000     0.0000    -0.8195     0.0000
   45.7200     0.0000   304.8000     0.0000    -0.7995     0.0000
   68.5800     0.0000   304.8000     0.0000    -0.5778     0.0000
   91.4400     0.0000   304.8000     0.0000    -0.2630     0.0000
  114.3000     0.0000   304.8000     0.0000    -0.1024     0.0000
  137.1600     0.0000   304.8000     0.0000     0.9712     0.0000
  160.0200     0.0000   304.8000     0.0000     1.0306     0.0000
  182.8800     0.0000   304.8000     0.0000     1.0420     0.0000
  205.7400     0.0000   304.8000     0.0000     0.0042     0.0000
  228.6000     0.0000   304.8000     0.0000     0.0041     0.0000
    0.0000    18.4150   304.8000     0.0000    -0.8730     0.0000
   22.8600    18.4150   304.8000     0.0004    -0.8207     0.0000
   45.7200    18.4150   304.8000    -0.0026    -0.8403     0.0000
   68.5800    18.4150   304.8000     0.4377    -0.5815     0.0000
   91.4400    18.4150   304.8000     0.1501    -0.2078     0.0000
  114.3000    18.4150   304.8000     0.0874    -0.0879     0.0000
  137.1600    18.4150   304.8000     0.0724     1.0110     0.0000
  160.0200    18.4150   304.8000     0.0146     1.0443     0.0000
  182.8800    18.4150   304.8000    -0.0006     1.0445     0.0000
  205.7400    18.4150   304.8000    -0.0000     0.0042     0.0000
  228.6000    18.4150   304.8000    -0.0000     0.0041     0.0000
    0.0000    36.8300   304.8000     0.0000    -0.9100     0.0000
   22.8600    36.8300   304.8000     0.1042    -0.9451     0.0000
   45.7200    36.8300   304.8000     0.2649    -1.0949     0.0000
   68.5800    36.8300   304.8000     0.3047    -0.0477     0.0000
   91.4400    36.8300   304.8000     0.1646    -0.1065     0.0000
  114.3000    36.8300   304.8000     0.0986    -0.0577     0.0000
  137.1600    36.8300   304.8000     0.0807     1.0924     0.0000
  160.0200    36.8300   304.8000     0.0068     1.0760     0.0000
  182.8800    36.8300   304.8000    -0.0116     1.0467     0.0000
  205.7400    36.8300   304.8000    -0.0001     0.0041     0.0000
  228.6000    36.8300   304.8000    -0.0000     0.0041     0.0000
    0.0000    55.2450   304.8000     0.0000    -0.9594     0.0000
   22.8600    55.2450   304.8000     0.0264    -1.0150     0.0000
   45.7200    55.2450   304.8000     0.0915    -1.1791     0.0000
   68.5800    55.2450   304.8000     0.1549    -0.0181     0.0000
   91.4400    55.2450   304.8000     0.1146    -0.0486     0.0000
  114.3000    55.2450   304.8000     0.0772    -0.0317     0.0000
  137.1600    55.2450   304.8000     0.0650     1.1855     0.0000
  160.0200    55.2450   304.8000    -0.0427     1.1153     0.0000
  182.8800    55.2450   304.8000    -0.0435     1.0349     0.0000
  205.7400    55.2450   304.8000    -0.0003     0.0040     0.0000
  228.6000    55.2450   304.8000    -0.0000     0.0039     0.0000
    0.0000    73.6600   304.8000     0.0000    -0.9365     0.0000
   22.8600    73.6600   304.8000    -0.0796    -1.0072     0.0000
   45.7200    73.6600   304.8000    -0.1109    -1.2463     0.0000
   68.5800    73.6600   304.8000     0.0657    -0.0115     0.0000
   91.4400    73.6600   304.8000     0.0549    -0.0257     0.0000
  114.3000    73.6600   304.8000     0.0393    -0.0165     0.0000
  137.1600    73.6600   304.8000     0.0309     1.3420     0.0000
  160.0200    73.6600   304.8000    -0.1759     1.1499     0.0000
  182.8800    73.6600   304.8000    -0.1046     0.9831     0.0000
  205.7400    73.6600   304.8000    -0.0005     0.0037     0.0000
  228.6000    73.6600   304.8000    -0.0000     0.0036     0.0000
    0.0000    92.0750   304.8000     0.0000    -0.8247     0.0000
   22.8600    92.0750   304.8000    -0.2004    -0.8906     0.0000
   45.7200    92.0750   304.8000    -0.4708    -1.1899     0.0000
   68.5800    92.0750   304.8000    -0.0058    -0.0166     0.0000
   91.4400    92.0750   304.8000    -0.0032    -0.0199     0.0000
  114.3000    92.0750   304.8000    -0.0039    -0.0105     0.0000
  137.1600    92.0750   304.8000    -0.7130     1.2139     0.0000
  160.0200    92.0750   304.8000    -0.4372     1.0608     0.0000
  182.8800    92.0750   304.8000    -0.1852     0.8535     0.0000
  205.7400    92.0750   304.8000    -0.0008     0.0032     0.0000
  228.6000    92.0750   304.8000    -0.0000     0.0031     0.0000
    0.0000   110.4900   304.8000     0.0000    -0.6337     0.0000
   22.8600   110.4900   304.8000    -0.2825    -0.6638     0.0000
   45.7200   110.4900   304.8000    -0.6784    -0.7143     0.0000
   68.5800   110.4900   304.8000    -1.2107    -0.4297     0.0000
   91.4400   110.4900   304.8000    -1.2011    -0.0835     0.0000
  114.3000   110.4900   304.8000    -1.2169     0.1131     0.0000
  137.1600   110.4900   304.8000    -1.1589     0.5118     0.0000
  160.0200   110.4900   304.8000    -0.5962     0.6972     0.0000
  182.8800   110.4900   304.8000    -0.2448     0.6401     0.0000
  205.7400   110.4900   304.8000    -0.0010     0.0025     0.0000
  228.6000   110.4900   304.8000    -0.0000     0.0024     0.0000
    0.0000   128.9050   304.8000     0.0000    -0.3990     0.0000
   22.8600   128.9050   304.8000    -0.3063    -0.4034     0.0000
   45.7200   128.9050   304.8000    -0.6424    -0.3806     0.0000
   68.5800   128.9050   304.8000    -0.9383    -0.2470     0.0000
   91.4400   128.9050   304.8000    -1.0520    -0.0682     0.0000
  114.3000   128.9050   304.8000    -1.0463     0.0927     0.0000
  137.1600   128.9050   304.8000    -0.9019     0.2753     0.0000
  160.0200   128.9050   304.8000    -0.5890     0.3830     0.0000
  182.8800   128.9050   304.8000    -0.2657     0.3937     0.0000
  205.7400   128.9050   304.8000    -0.0010     0.0016     0.0000
  228.6000   128.9050   304.8000    -0.0000     0.0016     0.0000
    0.0000   147.3200   304.8000     0.0000    -0.1538     0.0000
   22.8600   147.3200   304.8000    -0.3053    -0.1524     0.0000
   45.7200   147.3200   304.8000    -0.6027    -0.1370     0.0000
   68.5800   147.3200   304.8000    -0.8417    -0.0907     0.0000
   91.4400   147.3200   304.8000    -0.9603    -0.0271     0.0000
  114.3000   147.3200   304.8000    -0.9510     0.0370     0.0000
  137.1600   147.3200   304.8000    -0.8122     0.0994     0.0000
  160.0200   147.3200   304.8000    -0.5615     0.1390     0.0000
  182.8800   147.3200   304.8000    -0.2665     0.1497     0.0000
  205.7400   147.3200   304.8000    -0.0008     0.0006     0.0000
  228.6000   147.3200   304.8000    -0.0000     0.0009     0.0000
    0.0000   165.7350   304.8000     0.0000    -0.0010     0.0000
   22.8600   165.7350   304.8000    -0.0012    -0.0009     0.0000
   45.7200   165.7350   304.8000    -0.0023    -0.0008     0.0000
   68.5800   165.7350   304.8000    -0.0032    -0.0005     0.0000
   91.4400   165.7350   304.8000    -0.0036    -0.0002     0.0000
  114.3000   165.7350   304.8000    -0.0036     0.0002     0.0000
  137.1600   165.7350   304.8000    -0.0031     0.0006     0.0000
  160.0200   165.7350   304.8000    -0.0022     0.0008     0.0000
  182.8800   165.7350   304.8000    -0.0011     0.0007     0.0000
  205.7400   165.7350   304.8000    -0.0004     0.0004     0.0000
  228.6000   165.7350   304.8000    -0.0000     0.0004     0.0000
    0.0000   184.1500   304.8000     0.0000     0.0000     0.0000
   22.8600   184.1500   304.8000    -0.0012     0.0000     0.0000
   45.7200   184.1500   304.8000    -0.0022     0.0000     0.0000
   68.5800   184.1500   304.8000    -0.0031     0.0000     0.0000
   91.4400   184.1500   304.8000    -0.0035     0.0000     0.0000
  114.3000   184.1500   304.8000    -0.0035     0.0000     0.0000
  137.1600   184.1500   304.8000    -0.0030     0.0000     0.0000
  160.0200   184.1500   304.8000    -0.0021     0.0000     0.0000
  182.8800   184.1500   304.8000    -0.0012     0.0000     0.0000
  205.7400   184.1500   304.8000    -0.0005     0.0000     0.0000
  228.6000   184.1500   304.8000    -0.0000     0.0000     0.0000
    0.0000     0.0000   609.6000     0.0000    -0.8203     0.0000
   22.8600     0.0000   609.6000     0.0000    -0.8195     0.0000
   45.7200     0.0000   609.6000     0.0000    -0.7995     0.0000
   68.5800     0.0000   609.6000     0.0000    -0.5778     0.0000
   91.4400     0.0000   609.6000     0.0000    -0.2630     0.0000
  114.3000     0.0000   609.6000     0.0000    -0.1024     0.0000
  137.1600     0.0000   609.6000     0.0000     0.9712     0.0000
  160.0200     0.0000   609.6000     0.0000     1.0306     0.0000
  182.8800     0.0000   609.6000     0.0000     1.0420     0.0000
  205.7400     0.0000   609.6000     0.0000     0.0042     0.0000
  228.6000     0.0000   609.6000     0.0000     0.0041     0.0000
    0.0000    18.4150   609.6000     0.0000    -0.8730     0.0000
   22.8600    18.4150   609.6000     0.0004    -0.8207     0.0000
   45.7200    18.4150   609.6000    -0.0026    -0.8403     0.0000
   68.5800    18.4150   609.6000     0.4377    -0.5815     0.0000
   91.4400    18.4150   609.6000     0.1501    -0.2078     0.0000
  114.3000    18.4150   609.6000     0.0874    -0.0879     0.0000
  137.1600    18.4150   609.6000     0.0724     1.0110     0.0000
  160.0200    18.4150   609.6000     0.0146     1.0443     0.0000
  182.8800    18.4150   609.6000    -0.0006     1.0445     0.0000
  205.7400    18.4150   609.6000    -0.0000     0.0042     0.0000
  228.6000    18.4150   609.6000    -0.0000     0.0041     0.0000
    0.0000    36.8300   609.6000     0.0000    -0.9100     0.0000
   22.8600    36.8300   609.6000     0.1042    -0.9451     0.0000
   45.7200    36.8300   609.6000     0.2649    -1.0949     0.0000
   68.5800    36.8300   609.6000     0.3047    -0.0477     0.0000
   91.4400    36.8300   609.6000     0.1646    -0.1065     0.0000
  114.3000    36.8300   609.6000     0.0986    -0.0577     0.0000
  137.1600    36.8300   609.6000     0.0807     1.0924     0.0000
  160.0200    36.8300   609.6000     0.0068     1.0760     0.0000
  182.8800    36.8300   609.6000    -0.0116     1.0467     0.0000
  205.7400    36.8300   609.6000    -0.0001     0.0041     0.0000
  228.6000    36.8300   609.6000    -0.0000     0.0041     0.0000
    0.0000    55.2450   609.6000     0.0000    -0.9594     0.0000
   22.8600    55.2450   609.6000     0.0264    -1.0150     0.0000
   45.7200    55.2450   609.6000     0.0915    -1.1791     0.0000
   68.5800    55.2450   609.6000     0.1549    -0.0181     0.0000
   91.4400    55.2450   609.6000     0.1146    -0.0486     0.0000
  114.3000    55.2450   609.6000     0.0772    -0.0317     0.0000
  137.1600    55.2450   609.6000     0.0650     1.1855     0.0000
  160.0200    55.2450   609.6000    -0.0427     1.1153     0.0000
  182.8800    55.2450   609.6000    -0.0435     1.0349     0.0000
  205.7400    55.2450   609.6000    -0.0003     0.0040     0.0000
  228.6000    55.2450   609.6000    -0.0000     0.0039     0.0000
    0.0000    73.6600   609.6000     0.0000    -0.9365     0.0000
   22.8600    73.6600   609.6000    -0.0796    -1.0072     0.0000
   45.7200    73.6600   609.6000    -0.1109    -1.2463     0.0000
   68.5800    73.6600   609.6000     0.0657    -0.0115     0.0000
   91.4400    73.6600   609.6000     0.0549    -0.0257     0.0000
  114.3000    73.6600   609.6000     0.0393    -0.0165     0.0000
  137.1600    73.6600   609.6000     0.0309     1.3420     0.0000
  160.0200    73.6600   609.6000    -0.1759     1.1499     0.0000
  182.8800    73.6600   609.6000    -0.1046     0.9831     0.0000
  205.7400    73.6600   609.6000    -0.0005     0.0037     0.0000
  228.6000    73.6600   609.6000    -0.0000     0.0036     0.0000
    0.0000    92.0750   609.6000     0.0000    -0.8247     0.0000
   22.8600    92.0750   609.6000    -0.2004    -0.8906     0.0000
   45.7200    92.0750   609.6000    -0.4708    -1.1899     0.0000
   68.5800    92.0750   609.6000    -0.0058    -0.0166     0.0000
   91.4400    92.0750   609.6000    -0.0032    -0.0199     0.0000
  114.3000    92.0750   609.6000    -0.0039    -0.0105     0.0000
  137.1600    92.0750   609.6000    -0.7130     1.2139     0.0000
  160.0200    92.0750   609.6000    -0.4372     1.0608     0.0000
  182.8800    92.0750   609.6000    -0.1852     0.8535     0.0000
  205.7400    92.0750   609.6000    -0.0008     0.0032     0.0000
  228.6000    92.0750   609.6000    -0.0000     0.0031     0.0000
    0.0000   110.4900   609.6000     0.0000    -0.6337     0.0000
   22.8600   110.4900   609.6000    -0.2825    -0.6638     0.0000
   45.7200   110.4900   609.6000    -0.6784    -0.7143     0.0000
   68.5800   110.4900   609.6000    -1.2107    -0.4297     0.0000
   91.4400   110.4900   609.6000    -1.2011    -0.0835     0.0000
  114.3000   110.4900   609.6000    -1.2169     0.1131     0.0000
  137.1600   110.4900   609.6000    -1.1589     0.5118     0.0000
  160.0200   110.4900   609.6000    -0.5962     0.6972     0.0000
  182.8800   110.4900   609.6000    -0.2448     0.6401     0.0000
  205.7400   110.4900   609.6000    -0.0010     0.0025     0.0000
  228.6000   110.4900   609.6000    -0.0000     0.0024     0.0000
    0.0000   128.9050   609.6000     0.0000    -0.3990     0.0000
   22.8600   128.9050   609.6000    -0.3063    -0.4034     0.0000
   45.7200   128.9050   609.6000    -0.6424    -0.3806     0.0000
   68.5800   128.9050   609.6000    -0.9383    -0.2470     0.0000
   91.4400   128.9050   609.6000    -1.0520    -0.0682     0.0000
  114.3000   128.9050   609.6000    -1.0463     0.0927     0.0000
  137.1600   128.9050   609.6000    -0.9019     0.2753     0.0000
  160.0200   128.9050   609.6000    -0.5890     0.3830     0.0000
  182.8800   128.9050   609.6000    -0.2657     0.3937     0.0000
  205.7400   128.9050   609.6000    -0.0010     0.0016     0.0000
  228.6000   128.9050   609.6000    -0.0000     0.0016     0.0000
    0.0000   147.3200   609.6000     0.0000    -0.1538     0.0000
   22.8600   147.3200   609.6000    -0.3053    -0.1524     0.0000
   45.7200   147.3200   609.6000    -0.6027    -0.1370     0.0000
   68.5800   147.3200   609.6000    -0.8417    -0.0907     0.0000
   91.4400   147.3200   609.6000    -0.9603    -0.0271     0.0000
  114.3000   147.3200   609.6000    -0.9510     0.0370     0.0000
  137.1600   147.3200   609.6000    -0.8122     0.0994     0.0000
  160.0200   147.3200   609.6000    -0.5615     0.1390     0.0000
  182.8800   147.3200   609.6000    -0.2665     0.1497     0.0000
  205.7400   147.3200   609.6000    -0.0008     0.0006     0.0000
  228.6000   147.3200   609.6000    -0.0000     0.0009     0.0000
    0.0000   165.7350   609.6000     0.0000    -0.0010     0.0000
   22.8600   165.7350   609.6000    -0.0012    -0.0009     0.0000
   45.7200   165.7350   609.6000    -0.0023    -0.0008     0.0000
   68.5800   165.7350   609.6000    -0.0032    -0.0005     0.0000
   91.4400   165.7350   609.6000    -0.0036    -0.0002     0.0000
  114.3000   165.7350   609.6000    -0.0036     0.0002     0.0000
  137.1600   165.7350   609.6000    -0.0031     0.0006     0.0000
  160.0200   165.7350   609.6000    -0.0022     0.0008     0.0000
  182.8800   165.7350   609.6000    -0.0011     0.0007     0.0000
  205.7400   165.7350   609.6000    -0.0004     0.0004     0.0000
  228.6000   165.7350   609.6000    -0.0000     0.0004     0.0000
    0.0000   184.1500   609.6000     0.0000     0.0000     0.0000
   22.8600   184.1500   609.6000    -0.0012     0.0000     0.0000
   45.7200   184.1500   609.6000    -0.0022     0.0000     0.0000
   68.5800   184.1500   609.6000    -0.0031     0.0000     0.0000
   91.4400   184.1500   609.6000    -0.0035     0.0000     0.0000
  114.3000   184.1500   609.6000    -0.0035     0.0000     0.0000
  137.1600   184.1500   609.6000    -0.0030     0.0000     0.0000
  160.0200   184.1500   609.6000    -0.0021     0.0000     0.0000
  182.8800   184.1500   609.6000    -0.0012     0.0000     0.0000
  205.7400   184.1500   609.6000    -0.0005     0.0000     0.0000
  228.6000   184.1500   609.6000    -0.0000     0.0000     0.0000
    0.0000     0.0000   914.4000     0.0000    -0.8203     0.0000
   22.8600     0.0000   914.4000     0.0000    -0.8195     0.0000
   45.7200     0.0000   914.4000     0.0000    -0.7995     0.0000
   68.5800     0.0000   914.4000     0.0000    -0.5778     0.0000
   91.4400     0.0000   914.4000     0.0000    -0.2630     0.0000
  114.3000     0.0000   914.4000     0.0000    -0.1024     0.0000
  137.1600     0.0000   914.4000     0.0000     0.9712     0.0000
  160.0200     0.0000   914.4000     0.0000     1.0306     0.0000
  182.8800     0.0000   914.4000     0.0000     1.0420     0.0000
  205.7400     0.0000   914.4000     0.0000     0.0042     0.0000
  228.6000     0.0000   914.4000     0.0000     0.0041     0.0000
    0.0000    18.4150   914.4000     0.0000    -0.8730     0.0000
   22.8600    18.4150   914.4000     0.0004    -0.8207     0.0000
   45.7200    18.4150   914.4000    -0.0026    -0.8403     0.0000
   68.5800    18.4150   914.4000     0.4377    -0.5815     0.0000
   91.4400    18.4150   914.4000     0.1501    -0.2078     0.0000
  114.3000    18.4150   914.4000     0.0874    -0.0879     0.0000
  137.1600    18.4150   914.4000     0.0724     1.0110     0.0000
  160.0200    18.4150   914.4000     0.0146     1.0443     0.0000
  182.8800    18.4150   914.4000    -0.0006     1.0445     0.0000
  205.7400    18.4150   914.4000    -0.0000     0.0042     0.0000
  228.6000    18.4150   914.4000    -0.0000     0.0041     0.0000
    0.0000    36.8300   914.4000     0.0000    -0.9100     0.0000
   22.8600    36.8300   914.4000     0.1042    -0.9451     0.0000
   45.7200    36.8300   914.4000     0.2649    -1.0949     0.0000
   68.5800    36.8300   914.4000     0.3047    -0.0477     0.0000
   91.4400    36.8300   914.4000     0.1646    -0.1065     0.0000
  114.3000    36.8300   914.4000     0.0986    -0.0577     0.0000
  137.1600    36.8300   914.4000     0.0807     1.0924     0.0000
  160.0200    36.8300   914.4000     0.0068     1.0760     0.0000
  182.8800    36.8300   914.4000    -0.0116     1.0467     0.0000
  205.7400    36.8300   914.4000    -0.0001     0.0041     0.0000
  228.6000    36.8300   914.4000    -0.0000     0.0041     0.0000
    0.0000    55.2450   914.4000     0.0000    -0.9594     0.0000
   22.8600    55.2450   914.4000     0.0264    -1.0150     0.0000
   45.7200    55.2450   914.4000     0.0915    -1.1791     0.0000
   68.5800    55.2450   914.4000     0.1549    -0.0181     0.0000
   91.4400    55.2450   914.4000     0.1146    -0.0486     0.0000
  114.3000    55.2450   914.4000     0.0772    -0.0317     0.0000
  137.1600    55.2450   914.4000     0.0650     1.1855     0.0000
  160.0200    55.2450   914.4000    -0.0427     1.1153     0.0000
  182.8800    55.2450   914.4000    -0.0435     1.0349     0.0000
  205.7400    55.2450   914.4000    -0.0003     0.0040     0.0000
  228.6000    55.2450   914.4000    -0.0000     0.0039     0.0000
    0.0000    73.6600   914.4000     0.0000    -0.9365     0.0000
   22.8600    73.6600   914.4000    -0.0796    -1.0072     0.0000
   45.7200    73.6600   914.4000    -0.1109    -1.2463     0.0000
   68.5800    73.6600   914.4000     0.0657    -0.0115     0.0000
   91.4400    73.6600   914.4000     0.0549    -0.0257     0.0000
  114.3000    73.6600   914.4000     0.0393    -0.0165     0.0000
  137.1600    73.6600   914.4000     0.0309     1.3420     0.0000
  160.0200    73.6600   914.4000    -0.1759     1.1499     0.0000
  182.8800    73.6600   914.4000    -0.1046     0.9831     0.0000
  205.7400    73.6600   914.4000    -0.0005     0.0037     0.0000
  228.6000    73.6600   914.4000    -0.0000     0.0036     0.0000
    0.0000    92.0750   914.4000     0.0000    -0.8247     0.0000
   22.8600    92.0750   914.4000    -0.2004    -0.8906     0.0000
   45.7200    92.0750   914.4000    -0.4708    -1.1899     0.0000
   68.5800    92.0750   914.4000    -0.0058    -0.0166     0.0000
   91.4400    92.0750   914.4000    -0.0032    -0.0199     0.0000
  114.3000    92.0750   914.4000    -0.0039    -0.0105     0.0000
  137.1600    92.0750   914.4000    -0.7130     1.2139     0.0000
  160.0200    92.0750   914.4000    -0.4372     1.0608     0.0000
  182.8800    92.0750   914.4000    -0.1852     0.8535     0.0000
  205.7400    92.0750   914.4000    -0.0008     0.0032     0.0000
  228.6000    92.0750   914.4000    -0.0000     0.0031     0.0000
    0.0000   110.4900   914.4000     0.0000    -0.6337     0.0000
   22.8600   110.4900   914.4000    -0.2825    -0.6638     0.0000
   45.7200   110.4900   914.4000    -0.6784    -0.7143     0.0000
   68.5800   110.4900   914.4000    -1.2107    -0.4297     0.0000
   91.4400   110.4900   914.4000    -1.2011    -0.0835     0.0000
  114.3000   110.4900   914.4000    -1.2169     0.1131     0.0000
  137.1600   110.4900   914.4000    -1.1589     0.5118     0.0000
  160.0200   110.4900   914.4000    -0.5962     0.6972     0.0000
  182.8800   110.4900   914.4000    -0.2448     0.6401     0.0000
  205.7400   110.4900   914.4000    -0.0010     0.0025     0.0000
  228.6000   110.4900   914.4000    -0.0000     0.0024     0.0000
    0.0000   128.9050   914.4000     0.0000    -0.3990     0.0000
   22.8600   128.9050   914.4000    -0.3063    -0.4034     0.0000
   45.7200   128.9050   914.4000    -0.6424    -0.3806     0.0000
   68.5800   128.9050   914.4000    -0.9383    -0.2470     0.0000
   91.4400   128.9050   914.4000    -1.0520    -0.0682     0.0000
  114.3000   128.9050   914.4000    -1.0463     0.0927     0.0000
  137.1600   128.9050   914.4000    -0.9019     0.2753     0.0000
  160.0200   128.9050   914.4000    -0.5890     0.3830     0.0000
  182.8800   128.9050   914.4000    -0.2657     0.3937     0.0000
  205.7400   128.9050   914.4000    -0.0010     0.0016     0.0000
  228.6000   128.9050   914.4000    -0.0000     0.0016     0.0000
    0.0000   147.3200   914.4000     0.0000    -0.1538     0.0000
   22.8600   147.3200   914.4000    -0.3053    -0.1524     0.0000
   45.7200   147.3200   914.4000    -0.6027    -0.1370     0.0000
   68.5800   147.3200   914.4000    -0.8417    -0.0907     0.0000
   91.4400   147.3200   914.4000    -0.9603    -0.0271     0.0000
  114.3000   147.3200   914.4000    -0.9510     0.0370     0.0000
  137.1600   147.3200   914.4000    -0.8122     0.0994     0.0000
  160.0200   147.3200   914.4000    -0.5615     0.1390     0.0000
  182.8800   147.3200   914.4000    -0.2665     0.1497     0.0000
  205.7400   147.3200   914.4000    -0.0008     0.0006     0.0000
  228.6000   147.3200   914.4000    -0.0000     0.0009     0.0000
    0.0000   165.7350   914.4000     0.0000    -0.0010     0.0000
   22.8600   165.7350   914.4000    -0.0012    -0.0009     0.0000
   45.7200   165.7350   914.4000    -0.0023    -0.0008     0.0000
   68.5800   165.7350   914.4000    -0.0032    -0.0005     0.0000
   91.4400   165.7350   914.4000    -0.0036    -0.0002     0.0000
  114.3000   165.7350   914.4000    -0.0036     0.0002     0.0000
  137.1600   165.7350   914.4000    -0.0031     0.0006     0.0000
  160.0200   165.7350   914.4000    -0.0022     0.0008     0.0000
  182.8800   165.7350   914.4000    -0.0011     0.0007     0.0000
  205.7400   165.7350   914.4000    -0.0004     0.0004     0.0000
  228.6000   165.7350   914.4000    -0.0000     0.0004     0.0000
    0.0000   184.1500   914.4000     0.0000     0.0000     0.0000
   22.8600   184.1500   914.4000    -0.0012     0.0000     0.0000
   45.7200   184.1500   914.4000    -0.0022     0.0000     0.0000
   68.5800   184.1500   914.4000    -0.0031     0.0000     0.0000
   91.4400   184.1500   914.4000    -0.0035     0.0000     0.0000
  114.3000   184.1500   914.4000    -0.0035     0.0000     0.0000
  137.1600   184.1500   914.4000    -0.0030     0.0000     0.0000
  160.0200   184.1500   914.4000    -0.0021     0.0000     0.0000
  182.8800   184.1500   914.4000    -0.0012     0.0000     0.0000
  205.7400   184.1500   914.4000    -0.0005     0.0000     0.0000
  228.6000   184.1500   914.4000    -0.0000     0.0000     0.0000
    0.0000     0.0000  1219.2000     0.0000    -0.8203     0.0000
   22.8600     0.0000  1219.2000     0.0000    -0.8195     0.0000
   45.7200     0.0000  1219.2000     0.0000    -0.7995     0.0000
   68.5800     0.0000  1219.2000     0.0000    -0.5778     0.0000
   91.4400     0.0000  1219.2000     0.0000    -0.2630     0.0000
  114.3000     0.0000  1219.2000     0.0000    -0.1024     0.0000
  137.1600     0.0000  1219.2000     0.0000     0.9712     0.0000
  160.0200     0.0000  1219.2000     0.0000     1.0306     0.0000
  182.8800     0.0000  1219.2000     0.0000     1.0420     0.0000
  205.7400     0.0000  1219.2000     0.0000     0.0042     0.0000
  228.6000     0.0000  1219.2000     0.0000     0.0041     0.0000
    0.0000    18.4150  1219.2000     0.0000    -0.8730     0.0000
   22.8600    18.4150  1219.2000     0.0004    -0.8207     0.0000
   45.7200    18.4150  1219.2000    -0.0026    -0.8403     0.0000
   68.5800    18.4150  1219.2000     0.4377    -0.5815     0.0000
   91.4400    18.4150  1219.2000     0.1501    -0.2078     0.0000
  114.3000    18.4150  1219.2000     0.0874    -0.0879     0.0000
  137.1600    18.4150  1219.2000     0.0724     1.0110     0.0000
  160.0200    18.4150  1219.2000     0.0146     1.0443     0.0000
  182.8800    18.4150  1219.2000    -0.0006     1.0445     0.0000
  205.7400    18.4150  1219.2000    -0.0000     0.0042     0.0000
  228.6000    18.4150  1219.2000    -0.0000     0.0041     0.0000
    0.0000    36.8300  1219.2000     0.0000    -0.9100     0.0000
   22.8600    36.8300  1219.2000     0.1042    -0.9451     0.0000
   45.7200    36.8300  1219.2000     0.2649    -1.0949     0.0000
   68.5800    36.8300  1219.2000     0.3047    -0.0477     0.0000
   91.4400    36.8300  1219.2000     0.1646    -0.1065     0.0000
  114.3000    36.8300  1219.2000     0.0986    -0.0577     0.0000
  137.1600    36.8300  1219.2000     0.0807     1.0924     0.0000
  160.0200    36.8300  1219.2000     0.0068     1.0760     0.0000
  182.8800    36.8300  1219.2000    -0.0116     1.0467     0.0000
  205.7400    36.8300  1219.2000    -0.0001     0.0041     0.0000
  228.6000    36.8300  1219.2000    -0.0000     0.0041     0.0000
    0.0000    55.2450  1219.2000     0.0000    -0.9594     0.0000
   22.8600    55.2450  1219.2000     0.0264    -1.0150     0.0000
   45.7200    55.2450  1219.2000     0.0915    -1.1791     0.0000
   68.5800    55.2450  1219.2000     0.1549    -0.0181     0.0000
   91.4400    55.2450  1219.2000     0.1146    -0.0486     0.0000
  114.3000    55.2450  1219.2000     0.0772    -0.0317     0.0000
  137.1600    55.2450  1219.2000     0.0650     1.1855     0.0000
  160.0200    55.2450  1219.2000    -0.0427     1.1153     0.0000
  182.8800    55.2450  1219.2000    -0.0435     1.0349     0.0000
  205.7400    55.2450  1219.2000    -0.0003     0.0040     0.0000
  228.6000    55.2450  1219.2000    -0.0000     0.0039     0.0000
    0.0000    73.6600  1219.2000     0.0000    -0.9365     0.0000
   22.8600    73.6600  1219.2000    -0.0796    -1.0072     0.0000
   45.7200    73.6600  1219.2000    -0.1109    -1.2463     0.0000
   68.5800    73.6600  1219.2000     0.0657    -0.0115     0.0000
   91.4400    73.6600  1219.2000     0.0549    -0.0257     0.0000
  114.3000    73.6600  1219.2000     0.0393    -0.0165     0.0000
  137.1600    73.6600  1219.2000     0.0309     1.3420     0.0000
  160.0200    73.6600  1219.2000    -0.1759     1.1499     0.0000
  182.8800    73.6600  1219.2000    -0.1046     0.9831     0.0000
  205.7400    73.6600  1219.2000    -0.0005     0.0037     0.0000
  228.6000    73.6600  1219.2000    -0.0000     0.0036     0.0000
    0.0000    92.0750  1219.2000     0.0000    -0.8247     0.0000
   22.8600    92.0750  1219.2000    -0.2004    -0.8906     0.0000
   45.7200    92.0750  1219.2000    -0.4708    -1.1899     0.0000
   68.5800    92.0750  1219.2000    -0.0058    -0.0166     0.0000
   91.4400    92.0750  1219.2000    -0.0032    -0.0199     0.0000
  114.3000    92.0750  1219.2000    -0.0039    -0.0105     0.0000
  137.1600    92.0750  1219.2000    -0.7130     1.2139     0.0000
  160.0200    92.0750  1219.2000    -0.4372     1.0608     0.0000
  182.8800    92.0750  1219.2000    -0.1852     0.8535     0.0000
  205.7400    92.0750  1219.2000    -0.0008     0.0032     0.0000
  228.6000    92.0750  1219.2000    -0.0000     0.0031     0.0000
    0.0000   110.4900  1219.2000     0.0000    -0.6337     0.0000
   22.8600   110.4900  1219.2000    -0.2825    -0.6638     0.0000
   45.7200   110.4900  1219.2000    -0.6784    -0.7143     0.0000
   68.5800   110.4900  1219.2000    -1.2107    -0.4297     0.0000
   91.4400   110.4900  1219.2000    -1.2011    -0.0835     0.0000
  114.3000   110.4900  1219.2000    -1.2169     0.1131     0.0000
  137.1600   110.4900  1219.2000    -1.1589     0.5118     0.0000
  160.0200   110.4900  1219.2000    -0.5962     0.6972     0.0000
  182.8800   110.4900  1219.2000    -0.2448     0.6401     0.0000
  205.7400   110.4900  1219.2000    -0.0010     0.0025     0.0000
  228.6000   110.4900  1219.2000    -0.0000     0.0024     0.0000
    0.0000   128.9050  1219.2000     0.0000    -0.3990     0.0000
   22.8600   128.9050  1219.2000    -0.3063    -0.4034     0.0000
   45.7200   128.9050  1219.2000    -0.6424    -0.3806     0.0000
   68.5800   128.9050  1219.2000    -0.9383    -0.2470     0.0000
   91.4400   128.9050  1219.2000    -1.0520    -0.0682     0.0000
  114.3000   128.9050  1219.2000    -1.0463     0.0927     0.0000
  137.1600   128.9050  1219.2000    -0.9019     0.2753     0.0000
  160.0200   128.9050  1219.2000    -0.5890     0.3830     0.0000
  182.8800   128.9050  1219.2000    -0.2657     0.3937     0.0000
  205.7400   128.9050  1219.2000    -0.0010     0.0016     0.0000
  228.6000   128.9050  1219.2000    -0.0000     0.0016     0.0000
    0.0000   147.3200  1219.2000     0.0000    -0.1538     0.0000
   22.8600   147.3200  1219.2000    -0.3053    -0.1524     0.0000
   45.7200   147.3200  1219.2000    -0.6027    -0.1370     0.0000
   68.5800   147.3200  1219.2000    -0.8417    -0.0907     0.0000
   91.4400   147.3200  1219.2000    -0.9603    -0.0271     0.0000
  114.3000   147.3200  1219.2000    -0.9510     0.0370     0.0000
  137.1600   147.3200  1219.2000    -0.8122     0.0994     0.0000
  160.0200   147.3200  1219.2000    -0.5615     0.1390     0.0000
  182.8800   147.3200  1219.2000    -0.2665     0.1497     0.0000
  205.7400   147.3200  1219.2000    -0.0008     0.0006     0.0000
  228.6000   147.3200  1219.2000    -0.0000     0.0009     0.0000
    0.0000   165.7350  1219.2000     0.0000    -0.0010     0.0000
   22.8600   165.7350  1219.2000    -0.0012    -0.0009     0.0000
   45.7200   165.7350  1219.2000    -0.0023    -0.0008     0.0000
   68.5800   165.7350  1219.2000    -0.0032    -0.0005     0.0000
   91.4400   165.7350  1219.2000    -0.0036    -0.0002     0.0000
  114.3000   165.7350  1219.2000    -0.0036     0.0002     0.0000
  137.1600   165.7350  1219.2000    -0.0031     0.0006     0.0000
  160.0200   165.7350  1219.2000    -0.0022     0.0008     0.0000
  182.8800   165.7350  1219.2000    -0.0011     0.0007     0.0000
  205.7400   165.7350  1219.2000    -0.0004     0.0004     0.0000
  228.6000   165.7350  1219.2000    -0.0000     0.0004     0.0000
    0.0000   184.1500  1219.2000     0.0000     0.0000     0.0000
   22.8600   184.1500  1219.2000    -0.0012     0.0000     0.0000
   45.7200   184.1500  1219.2000    -0.0022     0.0000     0.0000
   68.5800   184.1500  1219.2000    -0.0031     0.0000     0.0000
   91.4400   184.1500  1219.2000    -0.0035     0.0000     0.0000
  114.3000   184.1500  1219.2000    -0.0035     0.0000     0.0000
  137.1600   184.1500  1219.2000    -0.0030     0.0000     0.0000
  160.0200   184.1500  1219.2000    -0.0021     0.0000     0.0000
  182.8800   184.1500  1219.2000    -0.0012     0.0000     0.0000
  205.7400   184.1500  1219.2000    -0.0005     0.0000     0.0000
  228.6000   184.1500  1219.2000    -0.0000     0.0000     0.0000
    0.0000     0.0000  1524.0000     0.0000    -0.8203     0.0000
   22.8600     0.0000  1524.0000     0.0000    -0.8195     0.0000
   45.7200     0.0000  1524.0000     0.0000    -0.7995     0.0000
   68.5800     0.0000  1524.0000     0.0000    -0.5778     0.0000
   91.4400     0.0000  1524.0000     0.0000    -0.2630     0.0000
  114.3000     0.0000  1524.0000     0.0000    -0.1024     0.0000
  137.1600     0.0000  1524.0000     0.0000     0.9712     0.0000
  160.0200     0.0000  1524.0000     0.0000     1.0306     0.0000
  182.8800     0.0000  1524.0000     0.0000     1.0420     0.0000
  205.7400     0.0000  1524.0000     0.0000     0.0042     0.0000
  228.6000     0.0000  1524.0000     0.0000     0.0041     0.0000
    0.0000    18.4150  1524.0000     0.0000    -0.8730     0.0000
   22.8600    18.4150  1524.0000     0.0004    -0.8207     0.0000
   45.7200    18.4150  1524.0000    -0.0026    -0.8403     0.0000
   68.5800    18.4150  1524.0000     0.4377    -0.5815     0.0000
   91.4400    18.4150  1524.0000     0.1501    -0.2078     0.0000
  114.3000    18.4150  1524.0000     0.0874    -0.0879     0.0000
  137.1600    18.4150  1524.0000     0.0724     1.0110     0.0000
  160.0200    18.4150  1524.0000     0.0146     1.0443     0.0000
  182.8800    18.4150  1524.0000    -0.0006     1.0445     0.0000
  205.7400    18.4150  1524.0000    -0.0000     0.0042     0.0000
  228.6000    18.4150  1524.0000    -0.0000     0.0041     0.0000
    0.0000    36.8300  1524.0000     0.0000    -0.9100     0.0000
   22.8600    36.8300  1524.0000     0.1042    -0.9451     0.0000
   45.7200    36.8300  1524.0000     0.2649    -1.0949     0.0000
   68.5800    36.8300  1524.0000     0.3047    -0.0477     0.0000
   91.4400    36.8300  1524.0000     0.1646    -0.1065     0.0000
  114.3000    36.8300  1524.0000     0.0986    -0.0577     0.0000
  137.1600    36.8300  1524.0000     0.0807     1.0924     0.0000
  160.0200    36.8300  1524.0000     0.0068     1.0760     0.0000
  182.8800    36.8300  1524.0000    -0.0116     1.0467     0.0000
  205.7400    36.8300  1524.0000    -0.0001     0.0041     0.0000
  228.6000    36.8300  1524.0000    -0.0000     0.0041     0.0000
    0.0000    55.2450  1524.0000     0.0000    -0.9594     0.0000
   22.8600    55.2450  1524.0000     0.0264    -1.0150     0.0000
   45.7200    55.2450  1524.0000     0.0915    -1.1791     0.0000
   68.5800    55.2450  1524.0000     0.1549    -0.0181     0.0000
   91.4400    55.2450  1524.0000     0.1146    -0.0486     0.0000
  114.3000    55.2450  1524.0000     0.0772    -0.0317     0.0000
  137.1600    55.2450  1524.0000     0.0650     1.1855     0.0000
  160.0200    55.2450  1524.0000    -0.0427     1.1153     0.0000
  182.8800    55.2450  1524.0000    -0.0435     1.0349     0.0000
  205.7400    55.2450  1524.0000    -0.0003     0.0040     0.0000
  228.6000    55.2450  1524.0000    -0.0000     0.0039     0.0000
    0.0000    73.6600  1524.0000     0.0000    -0.9365     0.0000
   22.8600    73.6600  1524.0000    -0.0796    -1.0072     0.0000
   45.7200    73.6600  1524.0000    -0.1109    -1.2463     0.0000
   68.5800    73.6600  1524.0000     0.0657    -0.0115     0.0000
   91.4400    73.6600  1524.0000     0.0549    -0.0257     0.0000
  114.3000    73.6600  1524.0000     0.0393    -0.0165     0.0000
  137.1600    73.6600  1524.0000     0.0309     1.3420     0.0000
  160.0200    73.6600  1524.0000    -0.1759     1.1499     0.0000
  182.8800    73.6600  1524.0000    -0.1046     0.9831     0.0000
  205.7400    73.6600  1524.0000    -0.0005     0.0037     0.0000
  228.6000    73.6600  1524.0000    -0.0000     0.0036     0.0000
    0.0000    92.0750  1524.0000     0.0000    -0.8247     0.0000
   22.8600    92.0750  1524.0000    -0.2004    -0.8906     0.0000
   45.7200    92.0750  1524.0000    -0.4708    -1.1899     0.0000
   68.5800    92.0750  1524.0000    -0.0058    -0.0166     0.0000
   91.4400    92.0750  1524.0000    -0.0032    -0.0199     0.0000
  114.3000    92.0750  1524.0000    -0.0039    -0.0105     0.0000
  137.1600    92.0750  1524.0000    -0.7130     1.2139     0.0000
  160.0200    92.0750  1524.0000    -0.4372     1.0608     0.0000
  182.8800    92.0750  1524.0000    -0.1852     0.8535     0.0000
  205.7400    92.0750  1524.0000    -0.0008     0.0032     0.0000
  228.6000    92.0750  1524.0000    -0.0000     0.0031     0.0000
    0.0000   110.4900  1524.0000     0.0000    -0.6337     0.0000
   22.8600   110.4900  1524.0000    -0.2825    -0.6638     0.0000
   45.7200   110.4900  1524.0000    -0.6784    -0.7143     0.0000
   68.5800   110.4900  1524.0000    -1.2107    -0.4297     0.0000
   91.4400   110.4900  1524.0000    -1.2011    -0.0835     0.0000
  114.3000   110.4900  1524.0000    -1.2169     0.1131     0.0000
  137.1600   110.4900  1524.0000    -1.1589     0.5118     0.0000
  160.0200   110.4900  1524.0000    -0.5962     0.6972     0.0000
  182.8800   110.4900  1524.0000    -0.2448     0.6401     0.0000
  205.7400   110.4900  1524.0000    -0.0010     0.0025     0.0000
  228.6000   110.4900  1524.0000    -0.0000     0.0024     0.0000
    0.0000   128.9050  1524.0000     0.0000    -0.3990     0.0000
   22.8600   128.9050  1524.0000    -0.3063    -0.4034     0.0000
   45.7200   128.9050  1524.0000    -0.6424    -0.3806     0.0000
   68.5800   128.9050  1524.0000    -0.9383    -0.2470     0.0000
   91.4400   128.9050  1524.0000    -1.0520    -0.0682     0.0000
  114.3000   128.9050  1524.0000    -1.0463     0.0927     0.0000
  137.1600   128.9050  1524.0000    -0.9019     0.2753     0.0000
  160.0200   128.9050  1524.0000    -0.5890     0.3830     0.0000
  182.8800   128.9050  1524.0000    -0.2657     0.3937     0.0000
  205.7400   128.9050  1524.0000    -0.0010     0.0016     0.0000
  228.6000   128.9050  1524.0000    -0.0000     0.0016     0.0000
    0.0000   147.3200  1524.0000     0.0000    -0.1538     0.0000
   22.8600   147.3200  1524.0000    -0.3053    -0.1524     0.0000
   45.7200   147.3200  1524.0000    -0.6027    -0.1370     0.0000
   68.5800   147.3200  1524.0000    -0.8417    -0.0907     0.0000
   91.4400   147.3200  1524.0000    -0.9603    -0.0271     0.0000
  114.3000   147.3200  1524.0000    -0.9510     0.0370     0.0000
  137.1600   147.3200  1524.0000    -0.8122     0.0994     0.0000
  160.0200   147.3200  1524.0000    -0.5615     0.1390     0.0000
  182.8800   147.3200  1524.0000    -0.2665     0.1497     0.0000
  205.7400   147.3200  1524.0000    -0.0008     0.0006     0.0000
  228.6000   147.3200  1524.0000    -0.0000     0.0009     0.0000
    0.0000   165.7350  1524.0000     0.0000    -0.0010     0.0000
   22.8600   165.7350  1524.0000    -0.0012    -0.0009     0.0000
   45.7200   165.7350  1524.0000    -0.0023    -0.0008     0.0000
   68.5800   165.7350  1524.0000    -0.0032    -0.0005     0.0000
   91.4400   165.7350  1524.0000    -0.0036    -0.0002     0.0000
  114.3000   165.7350  1524.0000    -0.0036     0.0002     0.0000
  137.1600   165.7350  1524.0000    -0.0031     0.0006     0.0000
  160.0200   165.7350  1524.0000    -0.0022     0.0008     0.0000
  182.8800   165.7350  1524.0000    -0.0011     0.0007     0.0000
  205.7400   165.7350  1524.0000    -0.0004     0.0004     0.0000
  228.6000   165.7350  1524.0000    -0.0000     0.0004     0.0000
    0.0000   184.1500  1524.0000     0.0000     0.0000     0.0000
   22.8600   184.1500  1524.0000    -0.0012     0.0000     0.0000
   45.7200   184.1500  1524.0000    -0.0022     0.0000     0.0000
   68.5800   184.1500  1524.0000    -0.0031     0.0000     0.0000
   91.4400   184.1500  1524.0000    -0.0035     0.0000     0.0000
  114.3000   184.1500  1524.0000    -0.0035     0.0000     0.0000
  137.1600   184.1500  1524.0000    -0.0030     0.0000     0.0000
  160.0200   184.1500  1524.0000    -0.0021     0.0000     0.0000
  182.8800   184.1500  1524.0000    -0.0012     0.0000     0.0000
  205.7400   184.1500  1524.0000    -0.0005     0.0000     0.0000
  228.6000   184.1500  1524.0000    -0.0000     0.0000     0.0000
    0.0000     0.0000  1828.8000     0.0000    -0.8203     0.0000
   22.8600     0.0000  1828.8000     0.0000    -0.8195     0.0000
   45.7200     0.0000  1828.8000     0.0000    -0.7995     0.0000
   68.5800     0.0000  1828.8000     0.0000    -0.5778     0.0000
   91.4400     0.0000  1828.8000     0.0000    -0.2630     0.0000
  114.3000     0.0000  1828.8000     0.0000    -0.1024     0.0000
  137.1600     0.0000  1828.8000     0.0000     0.9712     0.0000
  160.0200     0.0000  1828.8000     0.0000     1.0306     0.0000
  182.8800     0.0000  1828.8000     0.0000     1.0420     0.0000
  205.7400     0.0000  1828.8000     0.0000     0.0042     0.0000
  228.6000     0.0000  1828.8000     0.0000     0.0041     0.0000
    0.0000    18.4150  1828.8000     0.0000    -0.8730     0.0000
   22.8600    18.4150  1828.8000     0.0004    -0.8207     0.0000
   45.7200    18.4150  1828.8000    -0.0026    -0.8403     0.0000
   68.5800    18.4150  1828.8000     0.4377    -0.5815     0.0000
   91.4400    18.4150  1828.8000     0.1501    -0.2078     0.0000
  114.3000    18.4150  1828.8000     0.0874    -0.0879     0.0000
  137.1600    18.4150  1828.8000     0.0724     1.0110     0.0000
  160.0200    18.4150  1828.8000     0.0146     1.0443     0.0000
  182.8800    18.4150  1828.8000    -0.0006     1.0445     0.0000
  205.7400    18.4150  1828.8000    -0.0000     0.0042     0.0000
  228.6000    18.4150  1828.8000    -0.0000     0.0041     0.0000
    0.0000    36.8300  1828.8000     0.0000    -0.9100     0.0000
   22.8600    36.8300  1828.8000     0.1042    -0.9451     0.0000
   45.7200    36.8300  1828.8000     0.2649    -1.0949     0.0000
   68.5800    36.8300  1828.8000     0.3047    -0.0477     0.0000
   91.4400    36.8300  1828.8000     0.1646    -0.1065     0.0000
  114.3000    36.8300  1828.8000     0.0986    -0.0577     0.0000
  137.1600    36.8300  1828.8000     0.0807     1.0924     0.0000
  160.0200    36.8300  1828.8000     0.0068     1.0760     0.0000
  182.8800    36.8300  1828.8000    -0.0116     1.0467     0.0000
  205.7400    36.8300  1828.8000    -0.0001     0.0041     0.0000
  228.6000    36.8300  1828.8000    -0.0000     0.0041     0.0000
    0.0000    55.2450  1828.8000     0.0000    -0.9594     0.0000
   22.8600    55.2450  1828.8000     0.0264    -1.0150     0.0000
   45.7200    55.2450  1828.8000     0.0915    -1.1791     0.0000
   68.5800    55.2450  1828.8000     0.1549    -0.0181     0.0000
   91.4400    55.2450  1828.8000     0.1146    -0.0486     0.0000
  114.3000    55.2450  1828.8000     0.0772    -0.0317     0.0000
  137.1600    55.2450  1828.8000     0.0650     1.1855     0.0000
  160.0200    55.2450  1828.8000    -0.0427     1.1153     0.0000
  182.8800    55.2450  1828.8000    -0.0435     1.0349     0.0000
  205.7400    55.2450  1828.8000    -0.0003     0.0040     0.0000
  228.6000    55.2450  1828.8000    -0.0000     0.0039     0.0000
    0.0000    73.6600  1828.8000     0.0000    -0.9365     0.0000
   22.8600    73.6600  1828.8000    -0.0796    -1.0072     0.0000
   45.7200    73.6600  1828.8000    -0.1109    -1.2463     0.0000
   68.5800    73.6600  1828.8000     0.0657    -0.0115     0.0000
   91.4400    73.6600  1828.8000     0.0549    -0.0257     0.0000
  114.3000    73.6600  1828.8000     0.0393    -0.0165     0.0000
  137.1600    73.6600  1828.8000     0.0309     1.3420     0.0000
  160.0200    73.6600  1828.8000    -0.1759     1.1499     0.0000
  182.8800    73.6600  1828.8000    -0.1046     0.9831     0.0000
  205.7400    73.6600  1828.8000    -0.0005     0.0037     0.0000
  228.6000    73.6600  1828.8000    -0.0000     0.0036     0.0000
    0.0000    92.0750  1828.8000     0.0000    -0.8247     0.0000
   22.8600    92.0750  1828.8000    -0.2004    -0.8906     0.0000
   45.7200    92.0750  1828.8000    -0.4708    -1.1899     0.0000
   68.5800    92.0750  1828.8000    -0.0058    -0.0166     0.0000
   91.4400    92.0750  1828.8000    -0.0032    -0.0199     0.0000
  114.3000    92.0750  1828.8000    -0.0039    -0.0105     0.0000
  137.1600    92.0750  1828.8000    -0.7130     1.2139     0.0000
  160.0200    92.0750  1828.8000    -0.4372     1.0608     0.0000
  182.8800    92.0750  1828.8000    -0.1852     0.8535     0.0000
  205.7400    92.0750  1828.8000    -0.0008     0.0032     0.0000
  228.6000    92.0750  1828.8000    -0.0000     0.0031     0.0000
    0.0000   110.4900  1828.8000     0.0000    -0.6337     0.0000
   22.8600   110.4900  1828.8000    -0.2825    -0.6638     0.0000
   45.7200   110.4900  1828.8000    -0.6784    -0.7143     0.0000
   68.5800   110.4900  1828.8000    -1.2107    -0.4297     0.0000
   91.4400   110.4900  1828.8000    -1.2011    -0.0835     0.0000
  114.3000   110.4900  1828.8000    -1.2169     0.1131     0.0000
  137.1600   110.4900  1828.8000    -1.1589     0.5118     0.0000
  160.0200   110.4900  1828.8000    -0.5962     0.6972     0.0000
  182.8800   110.4900  1828.8000    -0.2448     0.6401     0.0000
  205.7400   110.4900  1828.8000    -0.0010     0.0025     0.0000
  228.6000   110.4900  1828.8000    -0.0000     0.0024     0.0000
    0.0000   128.9050  1828.8000     0.0000    -0.3990     0.0000
   22.8600   128.9050  1828.8000    -0.3063    -0.4034     0.0000
   45.7200   128.9050  1828.8000    -0.6424    -0.3806     0.0000
   68.5800   128.9050  1828.8000    -0.9383    -0.2470     0.0000
   91.4400   128.9050  1828.8000    -1.0520    -0.0682     0.0000
  114.3000   128.9050  1828.8000    -1.0463     0.0927     0.0000
  137.1600   128.9050  1828.8000    -0.9019     0.2753     0.0000
  160.0200   128.9050  1828.8000    -0.5890     0.3830     0.0000
  182.8800   128.9050  1828.8000    -0.2657     0.3937     0.0000
  205.7400   128.9050  1828.8000    -0.0010     0.0016     0.0000
  228.6000   128.9050  1828.8000    -0.0000     0.0016     0.0000
    0.0000   147.3200  1828.8000     0.0000    -0.1538     0.0000
   22.8600   147.3200  1828.8000    -0.3053    -0.1524     0.0000
   45.7200   147.3200  1828.8000    -0.6027    -0.1370     0.0000
   68.5800   147.3200  1828.8000    -0.8417    -0.0907     0.0000
   91.4400   147.3200  1828.8000    -0.9603    -0.0271     0.0000
  114.3000   147.3200  1828.8000    -0.9510     0.0370     0.0000
  137.1600   147.3200  1828.8000    -0.8122     0.0994     0.0000
  160.0200   147.3200  1828.8000    -0.5615     0.1390     0.0000
  182.8800   147.3200  1828.8000    -0.2665     0.1497     0.0000
  205.7400   147.3200  1828.8000    -0.0008     0.0006     0.0000
  228.6000   147.3200  1828.8000    -0.0000     0.0009     0.0000
    0.0000   165.7350  1828.8000     0.0000    -0.0010     0.0000
   22.8600   165.7350  1828.8000    -0.0012    -0.0009     0.0000
   45.7200   165.7350  1828.8000    -0.0023    -0.0008     0.0000
   68.5800   165.7350  1828.8000    -0.0032    -0.0005     0.0000
   91.4400   165.7350  1828.8000    -0.0036    -0.0002     0.0000
  114.3000   165.7350  1828.8000    -0.0036     0.0002     0.0000
  137.1600   165.7350  1828.8000    -0.0031     0.0006     0.0000
  160.0200   165.7350  1828.8000    -0.0022     0.0008     0.0000
  182.8800   165.7350  1828.8000    -0.0011     0.0007     0.0000
  205.7400   165.7350  1828.8000    -0.0004     0.0004     0.0000
  228.6000   165.7350  1828.8000    -0.0000     0.0004     0.0000
    0.0000   184.1500  1828.8000     0.0000     0.0000     0.0000
   22.8600   184.1500  1828.8000    -0.0012     0.0000     0.0000
   45.7200   184.1500  1828.8000    -0.0022     0.0000     0.0000
   68.5800   184.1500  1828.8000    -0.0031     0.0000     0.0000
   91.4400   184.1500  1828.8000    -0.0035     0.0000     0.0000
  114.3000   184.1500  1828.8000    -0.0035     0.0000     0.0000
  137.1600   184.1500  1828.8000    -0.0030     0.0000     0.0000
  160.0200   184.1500  1828.8000    -0.0021     0.0000     0.0000
  182.8800   184.1500  1828.8000    -0.0012     0.0000     0.0000
  205.7400   184.1500  1828.8000    -0.0005     0.0000     0.0000
  228.6000   184.1500  1828.8000    -0.0000     0.0000     0.0000
    0.0000     0.0000  2133.6000     0.0000    -0.8203     0.0000
   22.8600     0.0000  2133.6000     0.0000    -0.8195     0.0000
   45.7200     0.0000  2133.6000     0.0000    -0.7995     0.0000
   68.5800     0.0000  2133.6000     0.0000    -0.5778     0.0000
   91.4400     0.0000  2133.6000     0.0000    -0.2630     0.0000
  114.3000     0.0000  2133.6000     0.0000    -0.1024     0.0000
  137.1600     0.0000  2133.6000     0.0000     0.9712     0.0000
  160.0200     0.0000  2133.6000     0.0000     1.0306     0.0000
  182.8800     0.0000  2133.6000     0.0000     1.0420     0.0000
  205.7400     0.0000  2133.6000     0.0000     0.0042     0.0000
  228.6000     0.0000  2133.6000     0.0000     0.0041     0.0000
    0.0000    18.4150  2133.6000     0.0000    -0.8730     0.0000
   22.8600    18.4150  2133.6000     0.0004    -0.8207     0.0000
   45.7200    18.4150  2133.6000    -0.0026    -0.8403     0.0000
   68.5800    18.4150  2133.6000     0.4377    -0.5815     0.0000
   91.4400    18.4150  2133.6000     0.1501    -0.2078     0.0000
  114.3000    18.4150  2133.6000     0.0874    -0.0879     0.0000
  137.1600    18.4150  2133.6000     0.0724     1.0110     0.0000
  160.0200    18.4150  2133.6000     0.0146     1.0443     0.0000
  182.8800    18.4150  2133.6000    -0.0006     1.0445     0.0000
  205.7400    18.4150  2133.6000    -0.0000     0.0042     0.0000
  228.6000    18.4150  2133.6000    -0.0000     0.0041     0.0000
    0.0000    36.8300  2133.6000     0.0000    -0.9100     0.0000
   22.8600    36.8300  2133.6000     0.1042    -0.9451     0.0000
   45.7200    36.8300  2133.6000     0.2649    -1.0949     0.0000
   68.5800    36.8300  2133.6000     0.3047    -0.0477     0.0000
   91.4400    36.8300  2133.6000     0.1646    -0.1065     0.0000
  114.3000    36.8300  2133.6000     0.0986    -0.0577     0.0000
  137.1600    36.8300  2133.6000     0.0807     1.0924     0.0000
  160.0200    36.8300  2133.6000     0.0068     1.0760     0.0000
  182.8800    36.8300  2133.6000    -0.0116     1.0467     0.0000
  205.7400    36.8300  2133.6000    -0.0001     0.0041     0.0000
  228.6000    36.8300  2133.6000    -0.0000     0.0041     0.0000
    0.0000    55.2450  2133.6000     0.0000    -0.9594     0.0000
   22.8600    55.2450  2133.6000     0.0264    -1.0150     0.0000
   45.7200    55.2450  2133.6000     0.0915    -1.1791     0.0000
   68.5800    55.2450  2133.6000     0.1549    -0.0181     0.0000
   91.4400    55.2450  2133.6000     0.1146    -0.0486     0.0000
  114.3000    55.2450  2133.6000     0.0772    -0.0317     0.0000
  137.1600    55.2450  2133.6000     0.0650     1.1855     0.0000
  160.0200    55.2450  2133.6000    -0.0427     1.1153     0.0000
  182.8800    55.2450  2133.6000    -0.0435     1.0349     0.0000
  205.7400    55.2450  2133.6000    -0.0003     0.0040     0.0000
  228.6000    55.2450  2133.6000    -0.0000     0.0039     0.0000
    0.0000    73.6600  2133.6000     0.0000    -0.9365     0.0000
   22.8600    73.6600  2133.6000    -0.0796    -1.0072     0.0000
   45.7200    73.6600  2133.6000    -0.1109    -1.2463     0.0000
   68.5800    73.6600  2133.6000     0.0657    -0.0115     0.0000
   91.4400    73.6600  2133.6000     0.0549    -0.0257     0.0000
  114.3000    73.6600  2133.6000     0.0393    -0.0165     0.0000
  137.1600    73.6600  2133.6000     0.0309     1.3420     0.0000
  160.0200    73.6600  2133.6000    -0.1759     1.1499     0.0000
  182.8800    73.6600  2133.6000    -0.1046     0.9831     0.0000
  205.7400    73.6600  2133.6000    -0.0005     0.0037     0.0000
  228.6000    73.6600  2133.6000    -0.0000     0.0036     0.0000
    0.0000    92.0750  2133.6000     0.0000    -0.8247     0.0000
   22.8600    92.0750  2133.6000    -0.2004    -0.8906     0.0000
   45.7200    92.0750  2133.6000    -0.4708    -1.1899     0.0000
   68.5800    92.0750  2133.6000    -0.0058    -0.0166     0.0000
   91.4400    92.0750  2133.6000    -0.0032    -0.0199     0.0000
  114.3000    92.0750  2133.6000    -0.0039    -0.0105     0.0000
  137.1600    92.0750  2133.6000    -0.7130     1.2139     0.0000
  160.0200    92.0750  2133.6000    -0.4372     1.0608     0.0000
  182.8800    92.0750  2133.6000    -0.1852     0.8535     0.0000
  205.7400    92.0750  2133.6000    -0.0008     0.0032     0.0000
  228.6000    92.0750  2133.6000    -0.0000     0.0031     0.0000
    0.0000   110.4900  2133.6000     0.0000    -0.6337     0.0000
   22.8600   110.4900  2133.6000    -0.2825    -0.6638     0.0000
   45.7200   110.4900  2133.6000    -0.6784    -0.7143     0.0000
   68.5800   110.4900  2133.6000    -1.2107    -0.4297     0.0000
   91.4400   110.4900  2133.6000    -1.2011    -0.0835     0.0000
  114.3000   110.4900  2133.6000    -1.2169     0.1131     0.0000
  137.1600   110.4900  2133.6000    -1.1589     0.5118     0.0000
  160.0200   110.4900  2133.6000    -0.5962     0.6972     0.0000
  182.8800   110.4900  2133.6000    -0.2448     0.6401     0.0000
  205.7400   110.4900  2133.6000    -0.0010     0.0025     0.0000
  228.6000   110.4900  2133.6000    -0.0000     0.0024     0.0000
    0.0000   128.9050  2133.6000     0.0000    -0.3990     0.0000
   22.8600   128.9050  2133.6000    -0.3063    -0.4034     0.0000
   45.7200   128.9050  2133.6000    -0.6424    -0.3806     0.0000
   68.5800   128.9050  2133.6000    -0.9383    -0.2470     0.0000
   91.4400   128.9050  2133.6000    -1.0520    -0.0682     0.0000
  114.3000   128.9050  2133.6000    -1.0463     0.0927     0.0000
  137.1600   128.9050  2133.6000    -0.9019     0.2753     0.0000
  160.0200   128.9050  2133.6000    -0.5890     0.3830     0.0000
  182.8800   128.9050  2133.6000    -0.2657     0.3937     0.0000
  205.7400   128.9050  2133.6000    -0.0010     0.0016     0.0000
  228.6000   128.9050  2133.6000    -0.0000     0.0016     0.0000
    0.0000   147.3200  2133.6000     0.0000    -0.1538     0.0000
   22.8600   147.3200  2133.6000    -0.3053    -0.1524     0.0000
   45.7200   147.3200  2133.6000    -0.6027    -0.1370     0.0000
   68.5800   147.3200  2133.6000    -0.8417    -0.0907     0.0000
   91.4400   147.3200  2133.6000    -0.9603    -0.0271     0.0000
  114.3000   147.3200  2133.6000    -0.9510     0.0370     0.0000
  137.1600   147.3200  2133.6000    -0.8122     0.0994     0.0000
  160.0200   147.3200  2133.6000    -0.5615     0.1390     0.0000
  182.8800   147.3200  2133.6000    -0.2665     0.1497     0.0000
  205.7400   147.3200  2133.6000    -0.0008     0.0006     0.0000
  228.6000   147.3200  2133.6000    -0.0000     0.0009     0.0000
    0.0000   165.7350  2133.6000     0.0000    -0.0010     0.0000
   22.8600   165.7350  2133.6000    -0.0012    -0.0009     0.0000
   45.7200   165.7350  2133.6000    -0.0023    -0.0008     0.0000
   68.5800   165.7350  2133.6000    -0.0032    -0.0005     0.0000
   91.4400   165.7350  2133.6000    -0.0036    -0.0002     0.0000
  114.3000   165.7350  2133.6000    -0.0036     0.0002     0.0000
  137.1600   165.7350  2133.6000    -0.0031     0.0006     0.0000
  160.0200   165.7350  2133.6000    -0.0022     0.0008     0.0000
  182.8800   165.7350  2133.6000    -0.0011     0.0007     0.0000
  205.7400   165.7350  2133.6000    -0.0004     0.0004     0.0000
  228.6000   165.7350  2133.6000    -0.0000     0.0004     0.0000
    0.0000   184.1500  2133.6000     0.0000     0.0000     0.0000
   22.8600   184.1500  2133.6000    -0.0012     0.0000     0.0000
   45.7200   184.1500  2133.6000    -0.0022     0.0000     0.0000
   68.5800   184.1500  2133.6000    -0.0031     0.0000     0.0000
   91.4400   184.1500  2133.6000    -0.0035     0.0000     0.0000
  114.3000   184.1500  2133.6000    -0.0035     0.0000     0.0000
  137.1600   184.1500  2133.6000    -0.0030     0.0000     0.0000
  160.0200   184.1500  2133.6000    -0.0021     0.0000     0.0000
  182.8800   184.1500  2133.6000    -0.0012     0.0000     0.0000
  205.7400   184.1500  2133.6000    -0.0005     0.0000     0.0000
  228.6000   184.1500  2133.6000    -0.0000     0.0000     0.0000
    0.0000     0.0000  2438.4000     0.0000    -0.8203     0.0000
   22.8600     0.0000  2438.4000     0.0000    -0.8195     0.0000
   45.7200     0.0000  2438.4000     0.0000    -0.7995     0.0000
   68.5800     0.0000  2438.4000     0.0000    -0.5778     0.0000
   91.4400     0.0000  2438.4000     0.0000    -0.2630     0.0000
  114.3000     0.0000  2438.4000     0.0000    -0.1024     0.0000
  137.1600     0.0000  2438.4000     0.0000     0.9712     0.0000
  160.0200     0.0000  2438.4000     0.0000     1.0306     0.0000
  182.8800     0.0000  2438.4000     0.0000     1.0420     0.0000
  205.7400     0.0000  2438.4000     0.0000     0.0042     0.0000
  228.6000     0.0000  2438.4000     0.0000     0.0041     0.0000
    0.0000    18.4150  2438.4000     0.0000    -0.8730     0.0000
   22.8600    18.4150  2438.4000     0.0004    -0.8207     0.0000
   45.7200    18.4150  2438.4000    -0.0026    -0.8403     0.0000
   68.5800    18.4150  2438.4000     0.4377    -0.5815     0.0000
   91.4400    18.4150  2438.4000     0.1501    -0.2078     0.0000
  114.3000    18.4150  2438.4000     0.0874    -0.0879     0.0000
  137.1600    18.4150  2438.4000     0.0724     1.0110     0.0000
  160.0200    18.4150  2438.4000     0.0146     1.0443     0.0000
  182.8800    18.4150  2438.4000    -0.0006     1.0445     0.0000
  205.7400    18.4150  2438.4000    -0.0000     0.0042     0.0000
  228.6000    18.4150  2438.4000    -0.0000     0.0041     0.0000
    0.0000    36.8300  2438.4000     0.0000    -0.9100     0.0000
   22.8600    36.8300  2438.4000     0.1042    -0.9451     0.0000
   45.7200    36.8300  2438.4000     0.2649    -1.0949     0.0000
   68.5800    36.8300  2438.4000     0.3047    -0.0477     0.0000
   91.4400    36.8300  2438.4000     0.1646    -0.1065     0.0000
  114.3000    36.8300  2438.4000     0.0986    -0.0577     0.0000
  137.1600    36.8300  2438.4000     0.0807     1.0924     0.0000
  160.0200    36.8300  2438.4000     0.0068     1.0760     0.0000
  182.8800    36.8300  2438.4000    -0.0116     1.0467     0.0000
  205.7400    36.8300  2438.4000    -0.0001     0.0041     0.0000
  228.6000    36.8300  2438.4000    -0.0000     0.0041     0.0000
    0.0000    55.2450  2438.4000     0.0000    -0.9594     0.0000
   22.8600    55.2450  2438.4000     0.0264    -1.0150     0.0000
   45.7200    55.2450  2438.4000     0.0915    -1.1791     0.0000
   68.5800    55.2450  2438.4000     0.1549    -0.0181     0.0000
   91.4400    55.2450  2438.4000     0.1146    -0.0486     0.0000
  114.3000    55.2450  2438.4000     0.0772    -0.0317     0.0000
  137.1600    55.2450  2438.4000     0.0650     1.1855     0.0000
  160.0200    55.2450  2438.4000    -0.0427     1.1153     0.0000
  182.8800    55.2450  2438.4000    -0.0435     1.0349     0.0000
  205.7400    55.2450  2438.4000    -0.0003     0.0040     0.0000
  228.6000    55.2450  2438.4000    -0.0000     0.0039     0.0000
    0.0000    73.6600  2438.4000     0.0000    -0.9365     0.0000
   22.8600    73.6600  2438.4000    -0.0796    -1.0072     0.0000
   45.7200    73.6600  2438.4000    -0.1109    -1.2463     0.0000
   68.5800    73.6600  2438.4000     0.0657    -0.0115     0.0000
   91.4400    73.6600  2438.4000     0.0549    -0.0257     0.0000
  114.3000    73.6600  2438.4000     0.0393    -0.0165     0.0000
  137.1600    73.6600  2438.4000     0.0309     1.3420     0.0000
  160.0200    73.6600  2438.4000    -0.1759     1.1499     0.0000
  182.8800    73.6600  2438.4000    -0.1046     0.9831     0.0000
  205.7400    73.6600  2438.4000    -0.0005     0.0037     0.0000
  228.6000    73.6600  2438.4000    -0.0000     0.0036     0.0000
    0.0000    92.0750  2438.4000     0.0000    -0.8247     0.0000
   22.8600    92.0750  2438.4000    -0.2004    -0.8906     0.0000
   45.7200    92.0750  2438.4000    -0.4708    -1.1899     0.0000
   68.5800    92.0750  2438.4000    -0.0058    -0.0166     0.0000
   91.4400    92.0750  2438.4000    -0.0032    -0.0199     0.0000
  114.3000    92.0750  2438.4000    -0.0039    -0.0105     0.0000
  137.1600    92.0750  2438.4000    -0.7130     1.2139     0.0000
  160.0200    92.0750  2438.4000    -0.4372     1.0608     0.0000
  182.8800    92.0750  2438.4000    -0.1852     0.8535     0.0000
  205.7400    92.0750  2438.4000    -0.0008     0.0032     0.0000
  228.6000    92.0750  2438.4000    -0.0000     0.0031     0.0000
    0.0000   110.4900  2438.4000     0.0000    -0.6337     0.0000
   22.8600   110.4900  2438.4000    -0.2825    -0.6638     0.0000
   45.7200   110.4900  2438.4000    -0.6784    -0.7143     0.0000
   68.5800   110.4900  2438.4000    -1.2107    -0.4297     0.0000
   91.4400   110.4900  2438.4000    -1.2011    -0.0835     0.0000
  114.3000   110.4900  2438.4000    -1.2169     0.1131     0.0000
  137.1600   110.4900  2438.4000    -1.1589     0.5118     0.0000
  160.0200   110.4900  2438.4000    -0.5962     0.6972     0.0000
  182.8800   110.4900  2438.4000    -0.2448     0.6401     0.0000
  205.7400   110.4900  2438.4000    -0.0010     0.0025     0.0000
  228.6000   110.4900  2438.4000    -0.0000     0.0024     0.0000
    0.0000   128.9050  2438.4000     0.0000    -0.3990     0.0000
   22.8600   128.9050  2438.4000    -0.3063    -0.4034     0.0000
   45.7200   128.9050  2438.4000    -0.6424    -0.3806     0.0000
   68.5800   128.9050  2438.4000    -0.9383    -0.2470     0.0000
   91.4400   128.9050  2438.4000    -1.0520    -0.0682     0.0000
  114.3000   128.9050  2438.4000    -1.0463     0.0927     0.0000
  137.1600   128.9050  2438.4000    -0.9019     0.2753     0.0000
  160.0200   128.9050  2438.4000    -0.5890     0.3830     0.0000
  182.8800   128.9050  2438.4000    -0.2657     0.3937     0.0000
  205.7400   128.9050  2438.4000    -0.0010     0.0016     0.0000
  228.6000   128.9050  2438.4000    -0.0000     0.0016     0.0000
    0.0000   147.3200  2438.4000     0.0000    -0.1538     0.0000
   22.8600   147.3200  2438.4000    -0.3053    -0.1524     0.0000
   45.7200   147.3200  2438.4000    -0.6027    -0.1370     0.0000
   68.5800   147.3200  2438.4000    -0.8417    -0.0907     0.0000
   91.4400   147.3200  2438.4000    -0.9603    -0.0271     0.0000
  114.3000   147.3200  2438.4000    -0.9510     0.0370     0.0000
  137.1600   147.3200  2438.4000    -0.8122     0.0994     0.0000
  160.0200   147.3200  2438.4000    -0.5615     0.1390     0.0000
  182.8800   147.3200  2438.4000    -0.2665     0.1497     0.0000
  205.7400   147.3200  2438.4000    -0.0008     0.0006     0.0000
  228.6000   147.3200  2438.4000    -0.0000     0.0009     0.0000
    0.0000   165.7350  2438.4000     0.0000    -0.0010     0.0000
   22.8600   165.7350  2438.4000    -0.0012    -0.0009     0.0000
   45.7200   165.7350  2438.4000    -0.0023    -0.0008     0.0000
   68.5800   165.7350  2438.4000    -0.0032    -0.0005     0.0000
   91.4400   165.7350  2438.4000    -0.0036    -0.0002     0.0000
  114.3000   165.7350  2438.4000    -0.0036     0.0002     0.0000
  137.1600   165.7350  2438.4000    -0.0031     0.0006     0.0000
  160.0200   165.7350  2438.4000    -0.0022     0.0008     0.0000
  182.8800   165.7350  2438.4000    -0.0011     0.0007     0.0000
  205.7400   165.7350  2438.4000    -0.0004     0.0004     0.0000
  228.6000   165.7350  2438.4000    -0.0000     0.0004     0.0000
    0.0000   184.1500  2438.4000     0.0000     0.0000     0.0000
   22.8600   184.1500  2438.4000    -0.0012     0.0000     0.0000
   45.7200   184.1500  2438.4000    -0.0022     0.0000     0.0000
   68.5800   184.1500  2438.4000    -0.0031     0.0000     0.0000
   91.4400   184.1500  2438.4000    -0.0035     0.0000     0.0000
  114.3000   184.1500  2438.4000    -0.0035     0.0000     0.0000
  137.1600   184.1500  2438.4000    -0.0030     0.0000     0.0000
  160.0200   184.1500  2438.4000    -0.0021     0.0000     0.0000
  182.8800   184.1500  2438.4000    -0.0012     0.0000     0.0000
  205.7400   184.1500  2438.4000    -0.0005     0.0000     0.0000
  228.6000   184.1500  2438.4000    -0.0000     0.0000     0.0000
    0.0000     0.0000  2743.2000     0.0000    -0.8203     0.0000
   22.8600     0.0000  2743.2000     0.0000    -0.8195     0.0000
   45.7200     0.0000  2743.2000     0.0000    -0.7995     0.0000
   68.5800     0.0000  2743.2000     0.0000    -0.5778     0.0000
   91.4400     0.0000  2743.2000     0.0000    -0.2630     0.0000
  114.3000     0.0000  2743.2000     0.0000    -0.1024     0.0000
  137.1600     0.0000  2743.2000     0.0000     0.9712     0.0000
  160.0200     0.0000  2743.2000     0.0000     1.0306     0.0000
  182.8800     0.0000  2743.2000     0.0000     1.0420     0.0000
  205.7400     0.0000  2743.2000     0.0000     0.0042     0.0000
  228.6000     0.0000  2743.2000     0.0000     0.0041     0.0000
    0.0000    18.4150  2743.2000     0.0000    -0.8730     0.0000
   22.8600    18.4150  2743.2000     0.0004    -0.8207     0.0000
   45.7200    18.4150  2743.2000    -0.0026    -0.8403     0.0000
   68.5800    18.4150  2743.2000     0.4377    -0.5815     0.0000
   91.4400    18.4150  2743.2000     0.1501    -0.2078     0.0000
  114.3000    18.4150  2743.2000     0.0874    -0.0879     0.0000
  137.1600    18.4150  2743.2000     0.0724     1.0110     0.0000
  160.0200    18.4150  2743.2000     0.0146     1.0443     0.0000
  182.8800    18.4150  2743.2000    -0.0006     1.0445     0.0000
  205.7400    18.4150  2743.2000    -0.0000     0.0042     0.0000
  228.6000    18.4150  2743.2000    -0.0000     0.0041     0.0000
    0.0000    36.8300  2743.2000     0.0000    -0.9100     0.0000
   22.8600    36.8300  2743.2000     0.1042    -0.9451     0.0000
   45.7200    36.8300  2743.2000     0.2649    -1.0949     0.0000
   68.5800    36.8300  2743.2000     0.3047    -0.0477     0.0000
   91.4400    36.8300  2743.2000     0.1646    -0.1065     0.0000
  114.3000    36.8300  2743.2000     0.0986    -0.0577     0.0000
  137.1600    36.8300  2743.2000     0.0807     1.0924     0.0000
  160.0200    36.8300  2743.2000     0.0068     1.0760     0.0000
  182.8800    36.8300  2743.2000    -0.0116     1.0467     0.0000
  205.7400    36.8300  2743.2000    -0.0001     0.0041     0.0000
  228.6000    36.8300  2743.2000    -0.0000     0.0041     0.0000
    0.0000    55.2450  2743.2000     0.0000    -0.9594     0.0000
   22.8600    55.2450  2743.2000     0.0264    -1.0150     0.0000
   45.7200    55.2450  2743.2000     0.0915    -1.1791     0.0000
   68.5800    55.2450  2743.2000     0.1549    -0.0181     0.0000
   91.4400    55.2450  2743.2000     0.1146    -0.0486     0.0000
  114.3000    55.2450  2743.2000     0.0772    -0.0317     0.0000
  137.1600    55.2450  2743.2000     0.0650     1.1855     0.0000
  160.0200    55.2450  2743.2000    -0.0427     1.1153     0.0000
  182.8800    55.2450  2743.2000    -0.0435     1.0349     0.0000
  205.7400    55.2450  2743.2000    -0.0003     0.0040     0.0000
  228.6000    55.2450  2743.2000    -0.0000     0.0039     0.0000
    0.0000    73.6600  2743.2000     0.0000    -0.9365     0.0000
   22.8600    73.6600  2743.2000    -0.0796    -1.0072     0.0000
   45.7200    73.6600  2743.2000    -0.1109    -1.2463     0.0000
   68.5800    73.6600  2743.2000     0.0657    -0.0115     0.0000
   91.4400    73.6600  2743.2000     0.0549    -0.0257     0.0000
  114.3000    73.6600  2743.2000     0.0393    -0.0165     0.0000
  137.1600    73.6600  2743.2000     0.0309     1.3420     0.0000
  160.0200    73.6600  2743.2000    -0.1759     1.1499     0.0000
  182.8800    73.6600  2743.2000    -0.1046     0.9831     0.0000
  205.7400    73.6600  2743.2000    -0.0005     0.0037     0.0000
  228.6000    73.6600  2743.2000    -0.0000     0.0036     0.0000
    0.0000    92.0750  2743.2000     0.0000    -0.8247     0.0000
   22.8600    92.0750  2743.2000    -0.2004    -0.8906     0.0000
   45.7200    92.0750  2743.2000    -0.4708    -1.1899     0.0000
   68.5800    92.0750  2743.2000    -0.0058    -0.0166     0.0000
   91.4400    92.0750  2743.2000    -0.0032    -0.0199     0.0000
  114.3000    92.0750  2743.2000    -0.0039    -0.0105     0.0000
  137.1600    92.0750  2743.2000    -0.7130     1.2139     0.0000
  160.0200    92.0750  2743.2000    -0.4372     1.0608     0.0000
  182.8800    92.0750  2743.2000    -0.1852     0.8535     0.0000
  205.7400    92.0750  2743.2000    -0.0008     0.0032     0.0000
  228.6000    92.0750  2743.2000    -0.0000     0.0031     0.0000
    0.0000   110.4900  2743.2000     0.0000    -0.6337     0.0000
   22.8600   110.4900  2743.2000    -0.2825    -0.6638     0.0000
   45.7200   110.4900  2743.2000    -0.6784    -0.7143     0.0000
   68.5800   110.4900  2743.2000    -1.2107    -0.4297     0.0000
   91.4400   110.4900  2743.2000    -1.2011    -0.0835     0.0000
  114.3000   110.4900  2743.2000    -1.2169     0.1131     0.0000
  137.1600   110.4900  2743.2000    -1.1589     0.5118     0.0000
  160.0200   110.4900  2743.2000    -0.5962     0.6972     0.0000
  182.8800   110.4900  2743.2000    -0.2448     0.6401     0.0000
  205.7400   110.4900  2743.2000    -0.0010     0.0025     0.0000
  228.6000   110.4900  2743.2000    -0.0000     0.0024     0.0000
    0.0000   128.9050  2743.2000     0.0000    -0.3990     0.0000
   22.8600   128.9050  2743.2000    -0.3063    -0.4034     0.0000
   45.7200   128.9050  2743.2000    -0.6424    -0.3806     0.0000
   68.5800   128.9050  2743.2000    -0.9383    -0.2470     0.0000
   91.4400   128.9050  2743.2000    -1.0520    -0.0682     0.0000
  114.3000   128.9050  2743.2000    -1.0463     0.0927     0.0000
  137.1600   128.9050  2743.2000    -0.9019     0.2753     0.0000
  160.0200   128.9050  2743.2000    -0.5890     0.3830     0.0000
  182.8800   128.9050  2743.2000    -0.2657     0.3937     0.0000
  205.7400   128.9050  2743.2000    -0.0010     0.0016     0.0000
  228.6000   128.9050  2743.2000    -0.0000     0.0016     0.0000
    0.0000   147.3200  2743.2000     0.0000    -0.1538     0.0000
   22.8600   147.3200  2743.2000    -0.3053    -0.1524     0.0000
   45.7200   147.3200  2743.2000    -0.6027    -0.1370     0.0000
   68.5800   147.3200  2743.2000    -0.8417    -0.0907     0.0000
   91.4400   147.3200  2743.2000    -0.9603    -0.0271     0.0000
  114.3000   147.3200  2743.2000    -0.9510     0.0370     0.0000
  137.1600   147.3200  2743.2000    -0.8122     0.0994     0.0000
  160.0200   147.3200  2743.2000    -0.5615     0.1390     0.0000
  182.8800   147.3200  2743.2000    -0.2665     0.1497     0.0000
  205.7400   147.3200  2743.2000    -0.0008     0.0006     0.0000
  228.6000   147.3200  2743.2000    -0.0000     0.0009     0.0000
    0.0000   165.7350  2743.2000     0.0000    -0.0010     0.0000
   22.8600   165.7350  2743.2000    -0.0012    -0.0009     0.0000
   45.7200   165.7350  2743.2000    -0.0023    -0.0008     0.0000
   68.5800   165.7350  2743.2000    -0.0032    -0.0005     0.0000
   91.4400   165.7350  2743.2000    -0.0036    -0.0002     0.0000
  114.3000   165.7350  2743.2000    -0.0036     0.0002     0.0000
  137.1600   165.7350  2743.2000    -0.0031     0.0006     0.0000
  160.0200   165.7350  2743.2000    -0.0022     0.0008     0.0000
  182.8800   165.7350  2743.2000    -0.0011     0.0007     0.0000
  205.7400   165.7350  2743.2000    -0.0004     0.0004     0.0000
  228.6000   165.7350  2743.2000    -0.0000     0.0004     0.0000
    0.0000   184.1500  2743.2000     0.0000     0.0000     0.0000
   22.8600   184.1500  2743.2000    -0.0012     0.0000     0.0000
   45.7200   184.1500  2743.2000    -0.0022     0.0000     0.0000
   68.5800   184.1500  2743.2000    -0.0031     0.0000     0.0000
   91.4400   184.1500  2743.2000    -0.0035     0.0000     0.0000
  114.3000   184.1500  2743.2000    -0.0035     0.0000     0.0000
  137.1600   184.1500  2743.2000    -0.0030     0.0000     0.0000
  160.0200   184.1500  2743.2000    -0.0021     0.0000     0.0000
  182.8800   184.1500  2743.2000    -0.0012     0.0000     0.0000
  205.7400   184.1500  2743.2000    -0.0005     0.0000     0.0000
  228.6000   184.1500  2743.2000    -0.0000     0.0000     0.0000
